0 2.125882642735122
0 2.1228658096899586
0 2.119762311517085
0 2.1165724173623284
0 2.1132964101370093
0 2.109934586612122
0 2.1064872575060534
0 2.1029547475656636
0 2.099337395640596
0 2.0956355547506456
0 2.091849592146049
0 2.087979889360553
0 2.0840268422571175
0 2.079990861066137
0 2.0758723704160404
0 2.0716718093561606
0 2.067389631371747
0 2.0630263043910464
0 2.058582310784305
0 2.0540581473546444
0 2.0494543253207
0 2.044771370290954
0 2.040009822229692
0 2.035170235414515
0 2.0302531783853697
0 2.0252592338850275
0 2.020188998790997
0 2.0150430840388283
0 2.0098221145367923
0 2.0045267290719297
0 1.9991575802074564
0 1.9937153341715443
0 1.9882006707374849
0 1.9826142830952653
0 1.9769568777145918
0 1.9712291741994006
0 1.9654319051339162
0 1.9595658159203126
0 1.953631664608056
0 1.9476302217150065
0 1.9415622700403705
0 1.9354286044696059
0 1.9292300317713846
0 1.9229673703867405
0 1.9166414502105147
0 1.9102531123652515
0 1.9038032089676808
0 1.8972926028879378
0 1.8907221675016939
0 1.8840927864353543
0 1.877405353304517
0 1.8706607714458652
0 1.8638599536426959
0 1.8570038218442846
0 1.8500933068792937
0 1.8431293481634394
0 1.836112893401643
0 1.8290448982848893
0 1.8219263261820353
0 1.814758147826798
0 1.80754134100018
0 1.800276890208573
0 1.7929657863578
0 1.7856090264233537
0 1.7782076131170999
0 1.7707625545470793
0 1.7632748638924027
0 1.7557455590393092
0 1.748175662250813
0 1.7405661998161908
0 1.7329182017021751
0 1.7252327012025237
0 1.717510734586277
0 1.7097533407449557
0 1.7019615608390057
0 1.6941364379437613
0 1.6862790166952104
0 1.6783903429358469
0 1.670471463360887
0 1.662523425165128
0 1.65454727569073
0 1.6465440620761844
0 1.6385148309067565
0 1.6304606278666494
0 1.6223824973931726
0 1.614281482333165
0 1.6061586236019298
0 1.5980149598449336
0 1.5898515271025215
0 1.5816693584778834
0 1.5734694838085086
0 1.5652529293413675
0 1.557020717412034
0 1.5487738661279733
0 1.5405133890562135
0 1.532240294915593
0 1.5239555872737962
0 1.515660264249362
0 1.5073553182188497
0 1.4990417355293466
0 1.4907204962164824
0 1.4823925737281107
0 1.4740589346538184
0 1.4657205384604066
0 1.4573783372334832
0 1.4490332754252957
0 1.4406862896089332
0 1.432338308239005
0 1.4239902514189078
0 1.4156430306747796
0 1.4072975487362296
0 1.3989546993239261
0 1.3906153669441188
0 1.3822804266901607
0 1.3739507440510847
0 1.365627174727291
0 1.3573105644533814
0 1.349001748828184
0 1.3407015531519781
0 1.3324107922709607
0 1.324130270428947
0 1.3158607811263217
0 1.3076031069862255
0 1.2993580196279864
0 1.2911262795477512
0 1.2829086360063244
0 1.2747058269241545
0 1.2665185787834499
0 1.258347606537379
0 1.2501936135262934
0 1.2420572914009316
0 1.2339393200525386
0 1.22584036754983
0 1.2177610900827336
0 1.2097021319128325
0 1.2016641253304232
0 1.1936476906181042
0 1.1856534360208077
0 1.1776819577221758
0 1.1697338398271735
0 1.1618096543508596
0 1.1539099612131785
0 1.1460353082396875
0 1.1381862311680893
0 1.1303632536604669
0 1.1225668873210906
0 1.1147976317196837
0 1.1070559744200195
0 1.099342391013723
0 1.0916573451591518
0 1.0840012886252266
0 1.076374661340077
0 1.0687778914443749
0 1.0612113953492182
0 1.0536755777984346
0 1.0461708319351626
0 1.0386975393725841
0 1.0312560702686655
0 1.023846783404774
0 1.0164700262680286
0 1.009126135137257
0 1.0018154351724133
0 0.9945382405073308
0 0.9872948543456622
0 0.9800855690598868
0 0.9729106662932394
0 0.965770417064435
0 0.9586650818750547
0 0.9515949108194632
0 0.9445601436971295
0 0.9375610101272187
0 0.9305977296653382
0 0.9236705119222995
0 0.9167795566847858
0 0.9099250540377981
0 0.903107184488757
0 0.8963261190931502
0 0.8895820195816057
0 0.882875038488274
0 0.8762053192804192
0 0.869572996489093
0 0.8629781958408004
0 0.8564210343900409
0 0.8499016206526312
0 0.8434200547397004
0 0.8369764284922685
0 0.8305708256163069
0 0.8242033218181876
0 0.8178739849404348
0 0.8115828750976881
0 0.8053300448127879
0 0.7991155391529075
0 0.7929393958656425
0 0.7868016455149858
0 0.7807023116171073
0 0.7746414107758678
0 0.7686189528179947
0 0.7626349409278494
0 0.7566893717817239
0 0.7507822356815976
0 0.744913516688298
0 0.7390831927540001
0 0.7332912358540153
0 0.7275376121178065
0 0.7218222819591832
0 0.716145200205627
0 0.7105063162266932
0 0.7049055740614509
0 0.6993429125449117
0 0.6938182654334097
0 0.688331561528891
0 0.6828827248020795
0 0.6774716745144745
0 0.6720983253391618
0 0.66676258748039
0 0.6614643667918958
0 0.6562035648939457
0 0.6509800792890661
0 0.6457938034764407
0 0.6406446270649555
0 0.6355324358848622
0 0.6304571120980527
0 0.6254185343069149
0 0.6204165776617653
0 0.6154511139668367
0 0.6105220117848107
0 0.6056291365398844
0 0.6007723506193579
0 0.5959515134737404
0 0.5911664817153606
0 0.5864171092154778
0 0.5817032471998913
0 0.5770247443430424
0 0.5723814468606016
0 0.5677731986005522
0 0.5631998411327551
0 0.5586612138370053
0 0.5541571539895772
0 0.5496874968482642
0 0.545252075735913
0 0.5408507221224584
0 0.5364832657054633
0 0.5321495344891715
0 0.5278493548620755
0 0.5235825516730132
0 0.5193489483057941
0 0.5151483667523707
0 0.51098062768456
0 0.5068455505243256
0 0.5027429535126327
0 0.49867265377688563
0 0.4946344673969593
0 0.49062820946983776
0 0.4866536941728703
0 0.48271073482566124
0 0.4787991439506018
0 0.4749187333320632
0 0.4710693140742607
0 0.4672506966578056
0 0.46346269099495685
0 0.45970510648359036
0 0.45597775205990054
0 0.45228043624984576
0 0.4486129672193583
0 0.44497515282333205
0 0.44136680065340334
0 0.43778771808454214
0 0.43423771232046976
0 0.43071659043791866
0 0.4272241594297511
0 0.42376022624695386
0 0.42032459783952375
0 0.41691708119626253
0 0.4135374833834976
0 0.41018561158274297
0 0.4068612731273206
0 0.4035642755379555
0 0.4002944265573646
0 0.39705153418385225
0 0.3938354067039329
0 0.3906458527239942
0 0.3874826812010201
0 0.38434570147238606
0 0.38123472328474944
0 0.3781495568220435
0 0.37509001273259823
0 0.37205590215539924
0 0
0 0
0 0
0 0
0 0
0 0
0 0
0 0
0 0
0 0
0 0
0 0
0 0
0 0
0 0
0 0
0 0
0 0
0 0
0 0
0 0
0 0
0 0
0 0
0 0
0 0
0 0
0 0
0 0
0 0
0 0
0 0
0 0
0 0
0 0
0 0
0 0
0 0
0 0
0 0
0 0
0 0
0 0
0 0
0 0
0 0
0 0
0 0
0 0
0 0
0 0
0 0
0 0
0 0
0 0
0 0
0 0
0 0
0 0
0 0
0 0
0 0
0 0
0 0
0 0
0 0
0 0
0 0
0 0
0 0
0 0
0 0
0 0
0 0
0 0
0 0
0 0
0 0
0 0
0 0
0 0
0 0
0 0
0 0
0 0
0 0
0 0
0 0
0 0
0 0
0 0
0 0
0 0
0 0
0 0
0 0
0 0
0 0
0 0
0 0
0 0
0 0
0 0
0 0
0 0
0 0
0 0
0 0
0 0
0 0
0 0
0 0
0 0
0 0
0 0
0 0
0 0
0 0
0 0
0 0
0 0
0 0
0 0
0 0
0 0
0 0
0 0
0 0
0 0
0 0
0 0
0 0
0 0
0 0
0 0
0 0
0 0
0 0
0 0
0 0
0 0
0 0
0 0
0 0
0 0
0 0
0 0
0 0
0 0
0 0
0 0
0 0
0 0
0 0
0 0
0 0
0 0
0 0
0 0
0 0
0 0
0 0
0 0
0 0
0 0
0 0
0 0