0 2.125882642735122
0.00015 2.125882642735122
0.0003 2.125882642735122
0.00045 2.125882642735122
0.0006 2.125882642735122
0.0007499999999999999 2.125882642735122
0.0008999999999999999 2.125882642735122
0.00105 2.125882642735122
0.0012 2.125882642735122
0.0013499999999999999 2.125882642735122
0.0014999999999999998 2.125882642735122
0.0016499999999999998 2.125882642735122
0.0017999999999999997 2.125882642735122
0.0019499999999999997 2.125882642735122
0.0021 2.125882642735122
0.00225 2.125882642735122
0.0024 2.125882642735122
0.0025499999999999997 2.125882642735122
0.0026999999999999997 2.125882642735122
0.0028499999999999997 2.125882642735122
0.0029999999999999996 2.125882642735122
0.0031499999999999996 2.125882642735122
0.0032999999999999995 2.125882642735122
0.0034499999999999995 2.125882642735122
0.0035999999999999995 2.125882642735122
0.0037499999999999994 2.125882642735122
0.0038999999999999994 2.125882642735122
0.00405 2.125882642735122
0.0042 2.125882642735122
0.00435 2.125882642735122
0.0045 2.125882642735122
0.00465 2.125882642735122
0.0048 2.125882642735122
0.0049499999999999995 2.125882642735122
0.0050999999999999995 2.125882642735122
0.0052499999999999995 2.125882642735122
0.005399999999999999 2.125882642735122
0.005549999999999999 2.125882642735122
0.005699999999999999 2.125882642735122
0.005849999999999999 2.125882642735122
0.005999999999999999 2.125882642735122
0.006149999999999999 2.125882642735122
0.006299999999999999 2.125882642735122
0.006449999999999999 2.125882642735122
0.006599999999999999 2.125882642735122
0.006749999999999999 2.125882642735122
0.006899999999999999 2.125882642735122
0.007049999999999999 2.125882642735122
0.007199999999999999 2.125882642735122
0.007349999999999999 2.125882642735122
0.007499999999999999 2.125882642735122
0.007649999999999999 2.125882642735122
0.007799999999999999 2.125882642735122
0.007949999999999999 2.125882642735122
0.0081 2.125882642735122
0.00825 2.125882642735122
0.008400000000000001 2.125882642735122
0.008550000000000002 2.125882642735122
0.008700000000000003 2.125882642735122
0.008850000000000004 2.125882642735122
0.009000000000000005 2.125882642735122
0.009150000000000005 2.125882642735122
0.009300000000000006 2.125882642735122
0.009450000000000007 2.125882642735122
0.009600000000000008 2.125882642735122
0.009750000000000009 2.125882642735122
0.00990000000000001 2.125882642735122
0.01005000000000001 2.125882642735122
0.010200000000000011 2.125882642735122
0.010350000000000012 2.125882642735122
0.010500000000000013 2.125882642735122
0.010650000000000014 2.125882642735122
0.010800000000000014 2.125882642735122
0.010950000000000015 2.125882642735122
0.011100000000000016 2.125882642735122
0.011250000000000017 2.125882642735122
0.011400000000000018 2.125882642735122
0.011550000000000019 2.125882642735122
0.01170000000000002 2.125882642735122
0.01185000000000002 2.125882642735122
0.012000000000000021 2.125882642735122
0.012150000000000022 2.125882642735122
0.012300000000000023 2.125882642735122
0.012450000000000024 2.125882642735122
0.012600000000000024 2.125882642735122
0.012750000000000025 2.125882642735122
0.012900000000000026 2.125882642735122
0.013050000000000027 2.125882642735122
0.013200000000000028 2.125882642735122
0.013350000000000029 2.125882642735122
0.01350000000000003 2.125882642735122
0.01365000000000003 2.125882642735122
0.013800000000000031 2.125882642735122
0.013950000000000032 2.125882642735122
0.014100000000000033 2.125882642735122
0.014250000000000033 2.125882642735122
0.014400000000000034 2.125882642735122
0.014550000000000035 2.125882642735122
0.014700000000000036 2.125882642735122
0.014850000000000037 2.125882642735122
0.015000000000000038 2.125882642735122
0.015150000000000038 2.125882642735122
0.01530000000000004 2.125882642735122
0.01545000000000004 2.125882642735122
0.015600000000000041 2.125882642735122
0.015750000000000042 2.125882642735122
0.015900000000000043 2.125882642735122
0.016050000000000043 2.125882642735122
0.016200000000000044 2.125882642735122
0.016350000000000045 2.125882642735122
0.016500000000000046 2.125882642735122
0.016650000000000047 2.125882642735122
0.016800000000000048 2.125882642735122
0.01695000000000005 2.125882642735122
0.01710000000000005 2.125882642735122
0.01725000000000005 2.125882642735122
0.01740000000000005 2.125882642735122
0.01755000000000005 2.125882642735122
0.017700000000000052 2.125882642735122
0.017850000000000053 2.125882642735122
0.018000000000000054 2.125882642735122
0.018150000000000055 2.125882642735122
0.018300000000000056 2.125882642735122
0.018450000000000057 2.125882642735122
0.018600000000000057 2.125882642735122
0.01875000000000006 2.125882642735122
0.01890000000000006 2.125882642735122
0.01905000000000006 2.125882642735122
0.01920000000000006 2.125882642735122
0.01935000000000006 2.125882642735122
0.019500000000000062 2.125882642735122
0.019650000000000063 2.125882642735122
0.019800000000000064 2.125882642735122
0.019950000000000065 2.125882642735122
0.020100000000000066 2.125882642735122
0.020250000000000067 2.125882642735122
0.020400000000000067 2.125882642735122
0.020550000000000068 2.125882642735122
0.02070000000000007 2.125882642735122
0.02085000000000007 2.125882642735122
0.02100000000000007 2.125882642735122
0.02115000000000007 2.125882642735122
0.021300000000000072 2.125882642735122
0.021450000000000073 2.125882642735122
0.021600000000000074 2.125882642735122
0.021750000000000075 2.125882642735122
0.021900000000000076 2.125882642735122
0.022050000000000076 2.125882642735122
0.022200000000000077 2.125882642735122
0.022350000000000078 2.125882642735122
0.02250000000000008 2.125882642735122
0.02265000000000008 2.125882642735122
0.02280000000000008 2.125882642735122
0.02295000000000008 2.125882642735122
0.023100000000000082 2.125882642735122
0.023250000000000083 2.125882642735122
0.023400000000000084 2.125882642735122
0.023550000000000085 2.125882642735122
0.023700000000000086 2.125882642735122
0.023850000000000086 2.125882642735122
0.024000000000000087 2.125882642735122
0.024150000000000088 2.125882642735122
0.02430000000000009 2.125882642735122
0.02445000000000009 2.125882642735122
0.02460000000000009 2.125882642735122
0.02475000000000009 2.125882642735122
0.024900000000000092 2.125882642735122
0.025050000000000093 2.125882642735122
0.025200000000000094 2.125882642735122
0.025350000000000095 2.125882642735122
0.025500000000000096 2.125882642735122
0.025650000000000096 2.125882642735122
0.025800000000000097 2.125882642735122
0.025950000000000098 2.125882642735122
0.0261000000000001 2.125882642735122
0.0262500000000001 2.125882642735122
0.0264000000000001 2.125882642735122
0.0265500000000001 2.125882642735122
0.026700000000000102 2.125882642735122
0.026850000000000103 2.125882642735122
0.027000000000000104 2.125882642735122
0.027150000000000105 2.125882642735122
0.027300000000000105 2.125882642735122
0.027450000000000106 2.125882642735122
0.027600000000000107 2.125882642735122
0.027750000000000108 2.125882642735122
0.02790000000000011 2.125882642735122
0.02805000000000011 2.125882642735122
0.02820000000000011 2.125882642735122
0.02835000000000011 2.125882642735122
0.028500000000000112 2.125882642735122
0.028650000000000113 2.125882642735122
0.028800000000000114 2.125882642735122
0.028950000000000115 2.125882642735122
0.029100000000000115 2.125882642735122
0.029250000000000116 2.125882642735122
0.029400000000000117 2.125882642735122
0.029550000000000118 2.125882642735122
0.02970000000000012 2.125882642735122
0.02985000000000012 2.125882642735122
0.03000000000000012 2.125882642735122
0.03015000000000012 2.125882642735122
0.030300000000000122 2.125882642735122
0.030450000000000123 2.125882642735122
0.030600000000000124 2.125882642735122
0.030750000000000124 2.125882642735122
0.030900000000000125 2.125882642735122
0.031050000000000126 2.125882642735122
0.031200000000000127 2.125882642735122
0.03135000000000013 2.125882642735122
0.031500000000000125 2.125882642735122
0.03165000000000012 2.125882642735122
0.03180000000000012 2.125882642735122
0.03195000000000012 2.125882642735122
0.032100000000000115 2.125882642735122
0.03225000000000011 2.125882642735122
0.03240000000000011 2.125882642735122
0.03255000000000011 2.125882642735122
0.032700000000000104 2.125882642735122
0.0328500000000001 2.125882642735122
0.0330000000000001 2.125882642735122
0.033150000000000096 2.125882642735122
0.03330000000000009 2.125882642735122
0.03345000000000009 2.125882642735122
0.03360000000000009 2.125882642735122
0.033750000000000085 2.125882642735122
0.03390000000000008 2.125882642735122
0.03405000000000008 2.125882642735122
0.03420000000000008 2.125882642735122
0.034350000000000075 2.125882642735122
0.03450000000000007 2.125882642735122
0.03465000000000007 2.125882642735122
0.03480000000000007 2.125882642735122
0.034950000000000064 2.125882642735122
0.03510000000000006 2.125882642735122
0.03525000000000006 2.125882642735122
0.035400000000000056 2.125882642735122
0.035550000000000054 2.125882642735122
0.03570000000000005 2.125882642735122
0.03585000000000005 2.125882642735122
0.036000000000000046 2.125882642735122
0.03615000000000004 2.125882642735122
0.03630000000000004 2.125882642735122
0.03645000000000004 2.125882642735122
0.036600000000000035 2.125882642735122
0.03675000000000003 2.125882642735122
0.03690000000000003 2.125882642735122
0.03705000000000003 2.125882642735122
0.037200000000000025 2.125882642735122
0.03735000000000002 2.125882642735122
0.03750000000000002 2.125882642735122
0.03765000000000002 2.125882642735122
0.037800000000000014 2.125882642735122
0.03795000000000001 2.125882642735122
0.03810000000000001 2.125882642735122
0.038250000000000006 2.125882642735122
0.038400000000000004 2.125882642735122
0.03855 2.125882642735122
0.0387 2.125882642735122
0.038849999999999996 2.125882642735122
0.03899999999999999 2.125882642735122
0.03914999999999999 2.125882642735122
0.03929999999999999 2.125882642735122
0.039449999999999985 2.125882642735122
0.03959999999999998 2.125882642735122
0.03974999999999998 2.125882642735122
0.03989999999999998 2.125882642735122
0.040049999999999975 2.125882642735122
0.04019999999999997 2.125882642735122
0.04034999999999997 2.125882642735122
0.04049999999999997 2.125882642735122
0.040649999999999964 2.125882642735122
0.04079999999999996 2.125882642735122
0.04094999999999996 2.125882642735122
0.041099999999999956 2.125882642735122
0.04124999999999995 2.125882642735122
0.04139999999999995 2.125882642735122
0.04154999999999995 2.125882642735122
0.041699999999999945 2.125882642735122
0.04184999999999994 2.125882642735122
0.04199999999999994 2.125882642735122
0.04214999999999994 2.125882642735122
0.042299999999999935 2.125882642735122
0.04244999999999993 2.125882642735122
0.04259999999999993 2.125882642735122
0.04274999999999993 2.125882642735122
0.042899999999999924 2.125882642735122
0.04304999999999992 2.125882642735122
0.04319999999999992 2.125882642735122
0.043349999999999916 2.125882642735122
0.043499999999999914 2.125882642735122
0.04364999999999991 2.125882642735122
0.04379999999999991 2.125882642735122
0.043949999999999906 2.125882642735122
0.0440999999999999 2.125882642735122
0.0442499999999999 2.125882642735122
0.0443999999999999 2.125882642735122
0.044549999999999895 2.125882642735122
0.04469999999999989 2.125882642735122
0.04484999999999989 2.125882642735122
0.04499999999999989 2.125882642735122
0.045149999999999885 2.125882642735122
0.04529999999999988 2.125882642735122
0.04544999999999988 2.125882642735122
0.04559999999999988 2.125882642735122
0.045749999999999874 2.125882642735122
0.04589999999999987 2.125882642735122
0.04604999999999987 2.125882642735122
0.046199999999999866 2.125882642735122
0.046349999999999864 2.125882642735122
0.04649999999999986 2.125882642735122
0.04664999999999986 2.125882642735122
0.046799999999999856 2.125882642735122
0.04694999999999985 2.125882642735122
0.04709999999999985 2.125882642735122
0.04724999999999985 2.125882642735122
0.047399999999999845 2.125882642735122
0.04754999999999984 2.125882642735122
0.04769999999999984 2.125882642735122
0.04784999999999984 2.125882642735122
0.047999999999999834 2.125882642735122
0.04814999999999983 2.125882642735122
0.04829999999999983 2.125882642735122
0.04844999999999983 2.125882642735122
0.048599999999999824 2.125882642735122
0.04874999999999982 2.125882642735122
0.04889999999999982 2.125882642735122
0.049049999999999816 2.125882642735122
0.04919999999999981 2.125882642735122
0.04934999999999981 2.125882642735122
0.04949999999999981 2.125882642735122
0.049649999999999805 2.125882642735122
0.0497999999999998 2.125882642735122
0.0499499999999998 2.125882642735122
0.0500999999999998 2.125882642735122
0.050249999999999795 2.125882642735122
0.05039999999999979 2.125882642735122
0.05054999999999979 2.125882642735122
0.05069999999999979 2.125882642735122
0.050849999999999784 2.125882642735122
0.05099999999999978 2.125882642735122
0.05114999999999978 2.125882642735122
0.051299999999999776 2.125882642735122
0.051449999999999774 2.125882642735122
0.05159999999999977 2.125882642735122
0.05174999999999977 2.125882642735122
0.051899999999999766 2.125882642735122
0.05204999999999976 2.125882642735122
0.05219999999999976 2.125882642735122
0.05234999999999976 2.125882642735122
0.052499999999999755 2.125882642735122
0.05264999999999975 2.125882642735122
0.05279999999999975 2.125882642735122
0.05294999999999975 2.125882642735122
0.053099999999999745 2.125882642735122
0.05324999999999974 2.125882642735122
0.05339999999999974 2.125882642735122
0.05354999999999974 2.125882642735122
0.053699999999999734 2.125882642735122
0.05384999999999973 2.125882642735122
0.05399999999999973 2.125882642735122
0.054149999999999726 2.125882642735122
0.054299999999999723 2.125882642735122
0.05444999999999972 2.125882642735122
0.05459999999999972 2.125882642735122
0.054749999999999716 2.125882642735122
0.05489999999999971 2.125882642735122
0.05504999999999971 2.125882642735122
0.05519999999999971 2.125882642735122
0.055349999999999705 2.125882642735122
0.0554999999999997 2.125882642735122
0.0556499999999997 2.125882642735122
0.0557999999999997 2.125882642735122
0.055949999999999694 2.125882642735122
0.05609999999999969 2.125882642735122
0.05624999999999969 2.125882642735122
0.056399999999999686 2.125882642735122
0.056549999999999684 2.125882642735122
0.05669999999999968 2.125882642735122
0.05684999999999968 2.125882642735122
0.056999999999999676 2.125882642735122
0.05714999999999967 2.125882642735122
0.05729999999999967 2.125882642735122
0.05744999999999967 2.125882642735122
0.057599999999999665 2.125882642735122
0.05774999999999966 2.125882642735122
0.05789999999999966 2.125882642735122
0.05804999999999966 2.125882642735122
0.058199999999999655 2.125882642735122
0.05834999999999965 2.125882642735122
0.05849999999999965 2.125882642735122
0.05864999999999965 2.125882642735122
0.058799999999999644 2.125882642735122
0.05894999999999964 2.125882642735122
0.05909999999999964 2.125882642735122
0.059249999999999636 2.125882642735122
0.059399999999999634 2.125882642735122
0.05954999999999963 2.125882642735122
0.05969999999999963 2.125882642735122
0.059849999999999626 2.125882642735122
0.05999999999999962 2.125882642735122
0.06014999999999962 2.125882642735122
0.06029999999999962 2.125882642735122
0.060449999999999615 2.125882642735122
0.06059999999999961 2.125882642735122
0.06074999999999961 2.125882642735122
0.06089999999999961 2.125882642735122
0.061049999999999605 2.125882642735122
0.0611999999999996 2.125882642735122
0.0613499999999996 2.125882642735122
0.0614999999999996 2.125882642735122
0.061649999999999594 2.125882642735122
0.06179999999999959 2.125882642735122
0.06194999999999959 2.125882642735122
0.062099999999999586 2.125882642735122
0.06224999999999958 2.125882642735122
0.06239999999999958 2.125882642735122
0.06254999999999958 2.125882642735122
0.06269999999999958 2.125882642735122
0.06284999999999957 2.125882642735122
0.06299999999999957 2.125882642735122
0.06314999999999957 2.125882642735122
0.06329999999999956 2.125882642735122
0.06344999999999956 2.125882642735122
0.06359999999999956 2.125882642735122
0.06374999999999956 2.125882642735122
0.06389999999999955 2.125882642735122
0.06404999999999955 2.125882642735122
0.06419999999999955 2.125882642735122
0.06434999999999955 2.125882642735122
0.06449999999999954 2.125882642735122
0.06464999999999954 2.125882642735122
0.06479999999999954 2.125882642735122
0.06494999999999954 2.125882642735122
0.06509999999999953 2.125882642735122
0.06524999999999953 2.125882642735122
0.06539999999999953 2.125882642735122
0.06554999999999953 2.125882642735122
0.06569999999999952 2.125882642735122
0.06584999999999952 2.125882642735122
0.06599999999999952 2.125882642735122
0.06614999999999951 2.125882642735122
0.06629999999999951 2.125882642735122
0.06644999999999951 2.125882642735122
0.0665999999999995 2.125882642735122
0.0667499999999995 2.125882642735122
0.0668999999999995 2.125882642735122
0.0670499999999995 2.125882642735122
0.0671999999999995 2.125882642735122
0.0673499999999995 2.125882642735122
0.06749999999999949 2.125882642735122
0.06764999999999949 2.125882642735122
0.06779999999999949 2.125882642735122
0.06794999999999948 2.125882642735122
0.06809999999999948 2.125882642735122
0.06824999999999948 2.125882642735122
0.06839999999999948 2.125882642735122
0.06854999999999947 2.125882642735122
0.06869999999999947 2.125882642735122
0.06884999999999947 2.125882642735122
0.06899999999999946 2.125882642735122
0.06914999999999946 2.125882642735122
0.06929999999999946 2.125882642735122
0.06944999999999946 2.125882642735122
0.06959999999999945 2.125882642735122
0.06974999999999945 2.125882642735122
0.06989999999999945 2.125882642735122
0.07004999999999945 2.125882642735122
0.07019999999999944 2.125882642735122
0.07034999999999944 2.125882642735122
0.07049999999999944 2.125882642735122
0.07064999999999944 2.125882642735122
0.07079999999999943 2.125882642735122
0.07094999999999943 2.125882642735122
0.07109999999999943 2.125882642735122
0.07124999999999942 2.125882642735122
0.07139999999999942 2.125882642735122
0.07154999999999942 2.125882642735122
0.07169999999999942 2.125882642735122
0.07184999999999941 2.125882642735122
0.07199999999999941 2.125882642735122
0.07214999999999941 2.125882642735122
0.0722999999999994 2.125882642735122
0.0724499999999994 2.125882642735122
0.0725999999999994 2.125882642735122
0.0727499999999994 2.125882642735122
0.0728999999999994 2.125882642735122
0.0730499999999994 2.125882642735122
0.07319999999999939 2.125882642735122
0.07334999999999939 2.125882642735122
0.07349999999999939 2.125882642735122
0.07364999999999938 2.125882642735122
0.07379999999999938 2.125882642735122
0.07394999999999938 2.125882642735122
0.07409999999999937 2.125882642735122
0.07424999999999937 2.125882642735122
0.07439999999999937 2.125882642735122
0.07454999999999937 2.125882642735122
0.07469999999999936 2.125882642735122
0.07484999999999936 2.125882642735122
0.07499999999999936 2.125882642735122
0.07514999999999936 2.125882642735122
0.07529999999999935 2.125882642735122
0.07544999999999935 2.125882642735122
0.07559999999999935 2.125882642735122
0.07574999999999935 2.125882642735122
0.07589999999999934 2.125882642735122
0.07604999999999934 2.125882642735122
0.07619999999999934 2.125882642735122
0.07634999999999934 2.125882642735122
0.07649999999999933 2.125882642735122
0.07664999999999933 2.125882642735122
0.07679999999999933 2.125882642735122
0.07694999999999932 2.125882642735122
0.07709999999999932 2.125882642735122
0.07724999999999932 2.125882642735122
0.07739999999999932 2.125882642735122
0.07754999999999931 2.125882642735122
0.07769999999999931 2.125882642735122
0.07784999999999931 2.125882642735122
0.0779999999999993 2.125882642735122
0.0781499999999993 2.125882642735122
0.0782999999999993 2.125882642735122
0.0784499999999993 2.125882642735122
0.0785999999999993 2.125882642735122
0.07874999999999929 2.125882642735122
0.07889999999999929 2.125882642735122
0.07904999999999929 2.125882642735122
0.07919999999999928 2.125882642735122
0.07934999999999928 2.125882642735122
0.07949999999999928 2.125882642735122
0.07964999999999928 2.125882642735122
0.07979999999999927 2.125882642735122
0.07994999999999927 2.125882642735122
0.08009999999999927 2.125882642735122
0.08024999999999927 2.125882642735122
0.08039999999999926 2.125882642735122
0.08054999999999926 2.125882642735122
0.08069999999999926 2.125882642735122
0.08084999999999926 2.125882642735122
0.08099999999999925 2.125882642735122
0.08114999999999925 2.125882642735122
0.08129999999999925 2.125882642735122
0.08144999999999925 2.125882642735122
0.08159999999999924 2.125882642735122
0.08174999999999924 2.125882642735122
0.08189999999999924 2.125882642735122
0.08204999999999923 2.125882642735122
0.08219999999999923 2.125882642735122
0.08234999999999923 2.125882642735122
0.08249999999999923 2.125882642735122
0.08264999999999922 2.125882642735122
0.08279999999999922 2.125882642735122
0.08294999999999922 2.125882642735122
0.08309999999999922 2.125882642735122
0.08324999999999921 2.125882642735122
0.08339999999999921 2.125882642735122
0.08354999999999921 2.125882642735122
0.0836999999999992 2.125882642735122
0.0838499999999992 2.125882642735122
0.0839999999999992 2.125882642735122
0.0841499999999992 2.125882642735122
0.0842999999999992 2.125882642735122
0.08444999999999919 2.125882642735122
0.08459999999999919 2.125882642735122
0.08474999999999919 2.125882642735122
0.08489999999999918 2.125882642735122
0.08504999999999918 2.125882642735122
0.08519999999999918 2.125882642735122
0.08534999999999918 2.125882642735122
0.08549999999999917 2.125882642735122
0.08564999999999917 2.125882642735122
0.08579999999999917 2.125882642735122
0.08594999999999917 2.125882642735122
0.08609999999999916 2.125882642735122
0.08624999999999916 2.125882642735122
0.08639999999999916 2.125882642735122
0.08654999999999916 2.125882642735122
0.08669999999999915 2.125882642735122
0.08684999999999915 2.125882642735122
0.08699999999999915 2.125882642735122
0.08714999999999914 2.125882642735122
0.08729999999999914 2.125882642735122
0.08744999999999914 2.125882642735122
0.08759999999999914 2.125882642735122
0.08774999999999913 2.125882642735122
0.08789999999999913 2.125882642735122
0.08804999999999913 2.125882642735122
0.08819999999999913 2.125882642735122
0.08834999999999912 2.125882642735122
0.08849999999999912 2.125882642735122
0.08864999999999912 2.125882642735122
0.08879999999999912 2.125882642735122
0.08894999999999911 2.125882642735122
0.08909999999999911 2.125882642735122
0.08924999999999911 2.125882642735122
0.0893999999999991 2.125882642735122
0.0895499999999991 2.125882642735122
0.0896999999999991 2.125882642735122
0.0898499999999991 2.125882642735122
0.0899999999999991 2.125882642735122
0.09014999999999909 2.125882642735122
0.09029999999999909 2.125882642735122
0.09044999999999909 2.125882642735122
0.09059999999999908 2.125882642735122
0.09074999999999908 2.125882642735122
0.09089999999999908 2.125882642735122
0.09104999999999908 2.125882642735122
0.09119999999999907 2.125882642735122
0.09134999999999907 2.125882642735122
0.09149999999999907 2.125882642735122
0.09164999999999907 2.125882642735122
0.09179999999999906 2.125882642735122
0.09194999999999906 2.125882642735122
0.09209999999999906 2.125882642735122
0.09224999999999905 2.125882642735122
0.09239999999999905 2.125882642735122
0.09254999999999905 2.125882642735122
0.09269999999999905 2.125882642735122
0.09284999999999904 2.125882642735122
0.09299999999999904 2.125882642735122
0.09314999999999904 2.125882642735122
0.09329999999999904 2.125882642735122
0.09344999999999903 2.125882642735122
0.09359999999999903 2.125882642735122
0.09374999999999903 2.125882642735122
0.09389999999999903 2.125882642735122
0.09404999999999902 2.125882642735122
0.09419999999999902 2.125882642735122
0.09434999999999902 2.125882642735122
0.09449999999999902 2.125882642735122
0.09464999999999901 2.125882642735122
0.09479999999999901 2.125882642735122
0.09494999999999901 2.125882642735122
0.095099999999999 2.125882642735122
0.095249999999999 2.125882642735122
0.095399999999999 2.125882642735122
0.095549999999999 2.125882642735122
0.095699999999999 2.125882642735122
0.09584999999999899 2.125882642735122
0.09599999999999899 2.125882642735122
0.09614999999999899 2.125882642735122
0.09629999999999898 2.125882642735122
0.09644999999999898 2.125882642735122
0.09659999999999898 2.125882642735122
0.09674999999999898 2.125882642735122
0.09689999999999897 2.125882642735122
0.09704999999999897 2.125882642735122
0.09719999999999897 2.125882642735122
0.09734999999999897 2.125882642735122
0.09749999999999896 2.125882642735122
0.09764999999999896 2.125882642735122
0.09779999999999896 2.125882642735122
0.09794999999999895 2.125882642735122
0.09809999999999895 2.125882642735122
0.09824999999999895 2.125882642735122
0.09839999999999895 2.125882642735122
0.09854999999999894 2.125882642735122
0.09869999999999894 2.125882642735122
0.09884999999999894 2.125882642735122
0.09899999999999894 2.125882642735122
0.09914999999999893 2.125882642735122
0.09929999999999893 2.125882642735122
0.09944999999999893 2.125882642735122
0.09959999999999893 2.125882642735122
0.09974999999999892 2.125882642735122
0.09989999999999892 2.125882642735122
0.10004999999999892 2.125882642735122
0.10019999999999891 2.125882642735122
0.10034999999999891 2.125882642735122
0.10049999999999891 2.125882642735122
0.10064999999999891 2.125882642735122
0.1007999999999989 2.125882642735122
0.1009499999999989 2.125882642735122
0.1010999999999989 2.125882642735122
0.1012499999999989 2.125882642735122
0.1013999999999989 2.125882642735122
0.10154999999999889 2.125882642735122
0.10169999999999889 2.125882642735122
0.10184999999999889 2.125882642735122
0.10199999999999888 2.125882642735122
0.10214999999999888 2.125882642735122
0.10229999999999888 2.125882642735122
0.10244999999999888 2.125882642735122
0.10259999999999887 2.125882642735122
0.10274999999999887 2.125882642735122
0.10289999999999887 2.125882642735122
0.10304999999999886 2.125882642735122
0.10319999999999886 2.125882642735122
0.10334999999999886 2.125882642735122
0.10349999999999886 2.125882642735122
0.10364999999999885 2.125882642735122
0.10379999999999885 2.125882642735122
0.10394999999999885 2.125882642735122
0.10409999999999885 2.125882642735122
0.10424999999999884 2.125882642735122
0.10439999999999884 2.125882642735122
0.10454999999999884 2.125882642735122
0.10469999999999884 2.125882642735122
0.10484999999999883 2.125882642735122
0.10499999999999883 2.125882642735122
0.10514999999999883 2.125882642735122
0.10529999999999883 2.125882642735122
0.10544999999999882 2.125882642735122
0.10559999999999882 2.125882642735122
0.10574999999999882 2.125882642735122
0.10589999999999881 2.125882642735122
0.10604999999999881 2.125882642735122
0.10619999999999881 2.125882642735122
0.1063499999999988 2.125882642735122
0.1064999999999988 2.125882642735122
0.1066499999999988 2.125882642735122
0.1067999999999988 2.125882642735122
0.1069499999999988 2.125882642735122
0.1070999999999988 2.125882642735122
0.10724999999999879 2.125882642735122
0.10739999999999879 2.125882642735122
0.10754999999999879 2.125882642735122
0.10769999999999878 2.125882642735122
0.10784999999999878 2.125882642735122
0.10799999999999878 2.125882642735122
0.10814999999999877 2.125882642735122
0.10829999999999877 2.125882642735122
0.10844999999999877 2.125882642735122
0.10859999999999877 2.125882642735122
0.10874999999999876 2.125882642735122
0.10889999999999876 2.125882642735122
0.10904999999999876 2.125882642735122
0.10919999999999876 2.125882642735122
0.10934999999999875 2.125882642735122
0.10949999999999875 2.125882642735122
0.10964999999999875 2.125882642735122
0.10979999999999875 2.125882642735122
0.10994999999999874 2.125882642735122
0.11009999999999874 2.125882642735122
0.11024999999999874 2.125882642735122
0.11039999999999874 2.125882642735122
0.11054999999999873 2.125882642735122
0.11069999999999873 2.125882642735122
0.11084999999999873 2.125882642735122
0.11099999999999872 2.125882642735122
0.11114999999999872 2.125882642735122
0.11129999999999872 2.125882642735122
0.11144999999999872 2.125882642735122
0.11159999999999871 2.125882642735122
0.11174999999999871 2.125882642735122
0.11189999999999871 2.125882642735122
0.1120499999999987 2.125882642735122
0.1121999999999987 2.125882642735122
0.1123499999999987 2.125882642735122
0.1124999999999987 2.125882642735122
0.1126499999999987 2.125882642735122
0.11279999999999869 2.125882642735122
0.11294999999999869 2.125882642735122
0.11309999999999869 2.125882642735122
0.11324999999999869 2.125882642735122
0.11339999999999868 2.125882642735122
0.11354999999999868 2.125882642735122
0.11369999999999868 2.125882642735122
0.11384999999999867 2.125882642735122
0.11399999999999867 2.125882642735122
0.11414999999999867 2.125882642735122
0.11429999999999867 2.125882642735122
0.11444999999999866 2.125882642735122
0.11459999999999866 2.125882642735122
0.11474999999999866 2.125882642735122
0.11489999999999866 2.125882642735122
0.11504999999999865 2.125882642735122
0.11519999999999865 2.125882642735122
0.11534999999999865 2.125882642735122
0.11549999999999865 2.125882642735122
0.11564999999999864 2.125882642735122
0.11579999999999864 2.125882642735122
0.11594999999999864 2.125882642735122
0.11609999999999863 2.125882642735122
0.11624999999999863 2.125882642735122
0.11639999999999863 2.125882642735122
0.11654999999999863 2.125882642735122
0.11669999999999862 2.125882642735122
0.11684999999999862 2.125882642735122
0.11699999999999862 2.125882642735122
0.11714999999999862 2.125882642735122
0.11729999999999861 2.125882642735122
0.11744999999999861 2.125882642735122
0.11759999999999861 2.125882642735122
0.1177499999999986 2.125882642735122
0.1178999999999986 2.125882642735122
0.1180499999999986 2.125882642735122
0.1181999999999986 2.125882642735122
0.1183499999999986 2.125882642735122
0.11849999999999859 2.125882642735122
0.11864999999999859 2.125882642735122
0.11879999999999859 2.125882642735122
0.11894999999999858 2.125882642735122
0.11909999999999858 2.125882642735122
0.11924999999999858 2.125882642735122
0.11939999999999858 2.125882642735122
0.11954999999999857 2.125882642735122
0.11969999999999857 2.125882642735122
0.11984999999999857 2.125882642735122
0.11999999999999857 2.125882642735122
0.12014999999999856 2.125882642735122
0.12029999999999856 2.125882642735122
0.12044999999999856 2.125882642735122
0.12059999999999856 2.125882642735122
0.12074999999999855 2.125882642735122
0.12089999999999855 2.125882642735122
0.12104999999999855 2.125882642735122
0.12119999999999855 2.125882642735122
0.12134999999999854 2.125882642735122
0.12149999999999854 2.125882642735122
0.12164999999999854 2.125882642735122
0.12179999999999853 2.125882642735122
0.12194999999999853 2.125882642735122
0.12209999999999853 2.125882642735122
0.12224999999999853 2.125882642735122
0.12239999999999852 2.125882642735122
0.12254999999999852 2.125882642735122
0.12269999999999852 2.125882642735122
0.12284999999999852 2.125882642735122
0.12299999999999851 2.125882642735122
0.12314999999999851 2.125882642735122
0.12329999999999851 2.125882642735122
0.1234499999999985 2.125882642735122
0.1235999999999985 2.125882642735122
0.1237499999999985 2.125882642735122
0.1238999999999985 2.125882642735122
0.1240499999999985 2.125882642735122
0.12419999999999849 2.125882642735122
0.12434999999999849 2.125882642735122
0.12449999999999849 2.125882642735122
0.12464999999999848 2.125882642735122
0.12479999999999848 2.125882642735122
0.12494999999999848 2.125882642735122
0.1250999999999985 2.125882642735122
0.1252499999999985 2.125882642735122
0.1253999999999985 2.125882642735122
0.12554999999999852 2.125882642735122
0.12569999999999854 2.125882642735122
0.12584999999999855 2.125882642735122
0.12599999999999856 2.125882642735122
0.12614999999999857 2.125882642735122
0.12629999999999858 2.125882642735122
0.1264499999999986 2.125882642735122
0.1265999999999986 2.125882642735122
0.1267499999999986 2.125882642735122
0.12689999999999863 2.125882642735122
0.12704999999999864 2.125882642735122
0.12719999999999865 2.125882642735122
0.12734999999999866 2.125882642735122
0.12749999999999867 2.125882642735122
0.12764999999999868 2.125882642735122
0.1277999999999987 2.125882642735122
0.1279499999999987 2.125882642735122
0.12809999999999871 2.125882642735122
0.12824999999999873 2.125882642735122
0.12839999999999874 2.125882642735122
0.12854999999999875 2.125882642735122
0.12869999999999876 2.125882642735122
0.12884999999999877 2.125882642735122
0.12899999999999878 2.125882642735122
0.1291499999999988 2.125882642735122
0.1292999999999988 2.125882642735122
0.12944999999999882 2.125882642735122
0.12959999999999883 2.125882642735122
0.12974999999999884 2.125882642735122
0.12989999999999885 2.125882642735122
0.13004999999999886 2.125882642735122
0.13019999999999887 2.125882642735122
0.13034999999999888 2.125882642735122
0.1304999999999989 2.125882642735122
0.1306499999999989 2.125882642735122
0.13079999999999892 2.125882642735122
0.13094999999999893 2.125882642735122
0.13109999999999894 2.125882642735122
0.13124999999999895 2.125882642735122
0.13139999999999896 2.125882642735122
0.13154999999999897 2.125882642735122
0.13169999999999898 2.125882642735122
0.131849999999999 2.125882642735122
0.131999999999999 2.125882642735122
0.13214999999999902 2.125882642735122
0.13229999999999903 2.125882642735122
0.13244999999999904 2.125882642735122
0.13259999999999905 2.125882642735122
0.13274999999999906 2.125882642735122
0.13289999999999907 2.125882642735122
0.13304999999999909 2.125882642735122
0.1331999999999991 2.125882642735122
0.1333499999999991 2.125882642735122
0.13349999999999912 2.125882642735122
0.13364999999999913 2.125882642735122
0.13379999999999914 2.125882642735122
0.13394999999999915 2.125882642735122
0.13409999999999916 2.125882642735122
0.13424999999999918 2.125882642735122
0.1343999999999992 2.125882642735122
0.1345499999999992 2.125882642735122
0.1346999999999992 2.125882642735122
0.13484999999999922 2.125882642735122
0.13499999999999923 2.125882642735122
0.13514999999999924 2.125882642735122
0.13529999999999925 2.125882642735122
0.13544999999999927 2.125882642735122
0.13559999999999928 2.125882642735122
0.1357499999999993 2.125882642735122
0.1358999999999993 2.125882642735122
0.1360499999999993 2.125882642735122
0.13619999999999932 2.125882642735122
0.13634999999999933 2.125882642735122
0.13649999999999934 2.125882642735122
0.13664999999999936 2.125882642735122
0.13679999999999937 2.125882642735122
0.13694999999999938 2.125882642735122
0.1370999999999994 2.125882642735122
0.1372499999999994 2.125882642735122
0.1373999999999994 2.125882642735122
0.13754999999999942 2.125882642735122
0.13769999999999943 2.125882642735122
0.13784999999999945 2.125882642735122
0.13799999999999946 2.125882642735122
0.13814999999999947 2.125882642735122
0.13829999999999948 2.125882642735122
0.1384499999999995 2.125882642735122
0.1385999999999995 2.125882642735122
0.1387499999999995 2.125882642735122
0.13889999999999952 2.125882642735122
0.13904999999999954 2.125882642735122
0.13919999999999955 2.125882642735122
0.13934999999999956 2.125882642735122
0.13949999999999957 2.125882642735122
0.13964999999999958 2.125882642735122
0.1397999999999996 2.125882642735122
0.1399499999999996 2.125882642735122
0.1400999999999996 2.125882642735122
0.14024999999999962 2.125882642735122
0.14039999999999964 2.125882642735122
0.14054999999999965 2.125882642735122
0.14069999999999966 2.125882642735122
0.14084999999999967 2.125882642735122
0.14099999999999968 2.125882642735122
0.1411499999999997 2.125882642735122
0.1412999999999997 2.125882642735122
0.14144999999999971 2.125882642735122
0.14159999999999973 2.125882642735122
0.14174999999999974 2.125882642735122
0.14189999999999975 2.125882642735122
0.14204999999999976 2.125882642735122
0.14219999999999977 2.125882642735122
0.14234999999999978 2.125882642735122
0.1424999999999998 2.125882642735122
0.1426499999999998 2.125882642735122
0.14279999999999982 2.125882642735122
0.14294999999999983 2.125882642735122
0.14309999999999984 2.125882642735122
0.14324999999999985 2.125882642735122
0.14339999999999986 2.125882642735122
0.14354999999999987 2.125882642735122
0.14369999999999988 2.125882642735122
0.1438499999999999 2.125882642735122
0.1439999999999999 2.125882642735122
0.14414999999999992 2.125882642735122
0.14429999999999993 2.125882642735122
0.14444999999999994 2.125882642735122
0.14459999999999995 2.125882642735122
0.14474999999999996 2.125882642735122
0.14489999999999997 2.125882642735122
0.14504999999999998 2.125882642735122
0.1452 2.125882642735122
0.14535 2.125882642735122
0.14550000000000002 2.125882642735122
0.14565000000000003 2.125882642735122
0.14580000000000004 2.125882642735122
0.14595000000000005 2.125882642735122
0.14610000000000006 2.125882642735122
0.14625000000000007 2.125882642735122
0.14640000000000009 2.125882642735122
0.1465500000000001 2.125882642735122
0.1467000000000001 2.125882642735122
0.14685000000000012 2.125882642735122
0.14700000000000013 2.125882642735122
0.14715000000000014 2.125882642735122
0.14730000000000015 2.125882642735122
0.14745000000000016 2.125882642735122
0.14760000000000018 2.125882642735122
0.1477500000000002 2.125882642735122
0.1479000000000002 2.125882642735122
0.1480500000000002 2.125882642735122
0.14820000000000022 2.125882642735122
0.14835000000000023 2.125882642735122
0.14850000000000024 2.125882642735122
0.14865000000000025 2.125882642735122
0.14880000000000027 2.125882642735122
0.14895000000000028 2.125882642735122
0.1491000000000003 2.125882642735122
0.1492500000000003 2.125882642735122
0.1494000000000003 2.125882642735122
0.14955000000000032 2.125882642735122
0.14970000000000033 2.125882642735122
0.14985000000000034 2.125882642735122
0.15000000000000036 2.125882642735122
0.15015000000000037 2.125882642735122
0.15030000000000038 2.125882642735122
0.1504500000000004 2.125882642735122
0.1506000000000004 2.125882642735122
0.1507500000000004 2.125882642735122
0.15090000000000042 2.125882642735122
0.15105000000000043 2.125882642735122
0.15120000000000045 2.125882642735122
0.15135000000000046 2.125882642735122
0.15150000000000047 2.125882642735122
0.15165000000000048 2.125882642735122
0.1518000000000005 2.125882642735122
0.1519500000000005 2.125882642735122
0.1521000000000005 2.125882642735122
0.15225000000000052 2.125882642735122
0.15240000000000054 2.125882642735122
0.15255000000000055 2.125882642735122
0.15270000000000056 2.125882642735122
0.15285000000000057 2.125882642735122
0.15300000000000058 2.125882642735122
0.1531500000000006 2.125882642735122
0.1533000000000006 2.125882642735122
0.1534500000000006 2.125882642735122
0.15360000000000062 2.125882642735122
0.15375000000000064 2.125882642735122
0.15390000000000065 2.125882642735122
0.15405000000000066 2.125882642735122
0.15420000000000067 2.125882642735122
0.15435000000000068 2.125882642735122
0.1545000000000007 2.125882642735122
0.1546500000000007 2.125882642735122
0.15480000000000071 2.125882642735122
0.15495000000000073 2.125882642735122
0.15510000000000074 2.125882642735122
0.15525000000000075 2.125882642735122
0.15540000000000076 2.125882642735122
0.15555000000000077 2.125882642735122
0.15570000000000078 2.125882642735122
0.1558500000000008 2.125882642735122
0.1560000000000008 2.125882642735122
0.15615000000000082 2.125882642735122
0.15630000000000083 2.125882642735122
0.15645000000000084 2.125882642735122
0.15660000000000085 2.125882642735122
0.15675000000000086 2.125882642735122
0.15690000000000087 2.125882642735122
0.15705000000000088 2.125882642735122
0.1572000000000009 2.125882642735122
0.1573500000000009 2.125882642735122
0.15750000000000092 2.125882642735122
0.15765000000000093 2.125882642735122
0.15780000000000094 2.125882642735122
0.15795000000000095 2.125882642735122
0.15810000000000096 2.125882642735122
0.15825000000000097 2.125882642735122
0.15840000000000098 2.125882642735122
0.158550000000001 2.125882642735122
0.158700000000001 2.125882642735122
0.15885000000000102 2.125882642735122
0.15900000000000103 2.125882642735122
0.15915000000000104 2.125882642735122
0.15930000000000105 2.125882642735122
0.15945000000000106 2.125882642735122
0.15960000000000107 2.125882642735122
0.15975000000000109 2.125882642735122
0.1599000000000011 2.125882642735122