0 0.
0.00015 0.004726270905288958
0.0003 0.009452048897158205
0.00045 0.014176841196559924
0.0006 0.01890015529311817
0.0007499999999999999 0.023621499079285232
0.0008999999999999999 0.02834038098428259
0.00105 0.033056310107754984
0.0012 0.03776879635306648
0.0013499999999999999 0.04247735056016748
0.0014999999999999998 0.04718148463796223
0.0016499999999999998 0.051880711696106696
0.0017999999999999997 0.056574546176167285
0.0019499999999999997 0.061262503982071365
0.0021 0.06594410260978123
0.00225 0.07061886127612371
0.0024 0.0752863010467088
0.0025499999999999997 0.07994594496287072
0.0026999999999999997 0.08459731816756658
0.0028499999999999997 0.0892399480301677
0.0029999999999999996 0.09387336427008137
0.0031499999999999996 0.09849709907913883
0.0032999999999999995 0.10311068724269017
0.0034499999999999995 0.1077136662593447
0.0035999999999999995 0.11230557645929813
0.0037499999999999994 0.11688596112118906
0.0038999999999999994 0.12145436658742789
0.00405 0.12601034237794362
0.0042 0.13055344130229354
0.00435 0.13508321957008476
0.0045 0.13959923689965578
0.00465 0.14410105662496847
0.0048 0.14858824580066324
0.0049499999999999995 0.15306037530522973
0.0050999999999999995 0.15751701994224937
0.0052499999999999995 0.1619577585396658
0.005399999999999999 0.16638217404704106
0.005549999999999999 0.1707898536307589
0.005699999999999999 0.17518038876713538
0.005849999999999999 0.17955337533340102
0.005999999999999999 0.18390841369651872
0.006149999999999999 0.18824510879980624
0.006299999999999999 0.1925630702473284
0.006449999999999999 0.19686191238603298
0.006599999999999999 0.20114125438559932
0.006749999999999999 0.2054007203159763
0.006899999999999999 0.20963993922258223
0.007049999999999999 0.21385854519914757
0.007199999999999999 0.21805617745817624
0.007349999999999999 0.2222324803990097
0.007499999999999999 0.2263871036734743
0.007649999999999999 0.230519702249098
0.007799999999999999 0.23462993646988195
0.007949999999999999 0.23871747211461597
0.0081 0.24278198045272736
0.00825 0.2468231382976546
0.008400000000000001 0.2508406280577411
0.008550000000000002 0.2548341377846406
0.008700000000000003 0.2588033612192367
0.008850000000000004 0.2627479978350696
0.009000000000000005 0.26666775287927363
0.009150000000000005 0.2705623374110279
0.009300000000000006 0.27443146833752147
0.009450000000000007 0.27827486844744054
0.009600000000000008 0.28209226644198354
0.009750000000000009 0.2858833969634122
0.00990000000000001 0.28964800062115065
0.01005000000000001 0.2933858240154412
0.010200000000000011 0.2970966197585726
0.010350000000000012 0.30078014649369345
0.010500000000000013 0.304436168911227
0.010650000000000014 0.30806445776290625
0.010800000000000014 0.31166478987344526
0.010950000000000015 0.31523694814986947
0.011100000000000016 0.31878072158852394
0.011250000000000017 0.32229590527978463
0.011400000000000018 0.3257823004104934
0.011550000000000019 0.32923971426414467
0.01170000000000002 0.33266796021884804
0.01185000000000002 0.3360668577430942
0.012000000000000021 0.3394362323893538
0.012150000000000022 0.3427759157855356
0.012300000000000023 0.3460857456243382
0.012450000000000024 0.3493655656505229
0.012600000000000024 0.3526152256461415
0.012750000000000025 0.35583458141375274
0.012900000000000026 0.35902349475765843
0.013050000000000027 0.36218183346319793
0.013200000000000028 0.3653094712741312
0.013350000000000029 0.3684062878681516
0.01350000000000003 0.3714721688305615
0.01365000000000003 0.3745070056261485
0.013800000000000031 0.37751069556930217
0.013950000000000032 0.38048314179240666
0.014100000000000033 0.38342425321255164
0.014250000000000033 0.3863339444965947
0.014400000000000034 0.3892121360246253
0.014550000000000035 0.3920587538518572
0.014700000000000036 0.39487372966900164
0.014850000000000037 0.39765700076115557
0.015000000000000038 0.40040850996524613
0.015150000000000038 0.4031282056260748
0.01530000000000004 0.40581604155100265
0.01545000000000004 0.40847197696331455
0.015600000000000041 0.4110959764543094
0.015750000000000042 0.4136880099341531
0.015900000000000043 0.4162480525815396
0.016050000000000043 0.41877608479219913
0.016200000000000044 0.42127209212629846
0.016350000000000045 0.4237360652547707
0.016500000000000046 0.42616799990462045
0.016650000000000047 0.42856789680324353
0.016800000000000048 0.4309357616218013
0.01695000000000005 0.4332716049176953
0.01710000000000005 0.43557544207617754
0.01725000000000005 0.4378472932511417
0.01740000000000005 0.44008718330513263
0.01755000000000005 0.44229514174861656
0.017700000000000052 0.44447120267855056
0.017850000000000053 0.4466154047162902
0.018000000000000054 0.44872779094487636
0.018150000000000055 0.45080840884574
0.018300000000000056 0.45285731023486037
0.018450000000000057 0.4548745511984174
0.018600000000000057 0.4568601920279764
0.01875000000000006 0.4588142971552383
0.01890000000000006 0.46073693508639735
0.01905000000000006 0.46262817833613684
0.01920000000000006 0.4644881033613035
0.01935000000000006 0.4663167904942915
0.019500000000000062 0.4681143238761734
0.019650000000000063 0.46988079138961253
0.019800000000000064 0.4716162845915843
0.019950000000000065 0.4733208986459488
0.020100000000000066 0.4749947322558988
0.020250000000000067 0.47663788759632053
0.020400000000000067 0.47825047024609113
0.020550000000000068 0.4798325891203542
0.02070000000000007 0.48138435640279104
0.02085000000000007 0.482905887477927
0.02100000000000007 0.48439730086349403
0.02115000000000007 0.48585871814288273
0.021300000000000072 0.48729026389770713
0.021450000000000073 0.48869206564051393
0.021600000000000074 0.490064253747654
0.021750000000000075 0.49140696139235074
0.021900000000000076 0.49272032447798375
0.022050000000000076 0.4940044815716136
0.022200000000000077 0.49525957383777347
0.022350000000000078 0.496485744972544
0.02250000000000008 0.49768314113794165
0.02265000000000008 0.4988519108966357
0.02280000000000008 0.49999220514701664
0.02295000000000008 0.5011041770586377
0.023100000000000082 0.5021879820080457
0.023250000000000083 0.5032437775150229
0.023400000000000084 0.5042717231792566
0.023550000000000085 0.5052719806174527
0.023700000000000086 0.5062447134009149
0.023850000000000086 0.5071900869935992
0.024000000000000087 0.508108268690664
0.024150000000000088 0.5089994275575299
0.02430000000000009 0.5098637343694616
0.02445000000000009 0.5107013615516881
0.02460000000000009 0.5115124831200741
0.02475000000000009 0.5122972746223519
0.024900000000000092 0.513055913079931
0.025050000000000093 0.5137885769302937
0.025200000000000094 0.5144954459699849
0.025350000000000095 0.5151767012982152
0.025500000000000096 0.5158325252610744
0.025650000000000096 0.5164631013963775
0.025800000000000097 0.517068614379142
0.025950000000000098 0.5176492499677086
0.0261000000000001 0.5182051949505156
0.0262500000000001 0.5187366370935256
0.0264000000000001 0.5192437650883216
0.0265500000000001 0.5197267685008723
0.026700000000000102 0.5201858377209697
0.026850000000000103 0.5206211639123528
0.027000000000000104 0.521032938963514
0.027150000000000105 0.5214213554391948
0.027300000000000105 0.5217866065325786
0.027450000000000106 0.5221288860181761
0.027600000000000107 0.5224483882054125
0.027750000000000108 0.5227453078929183
0.02790000000000011 0.5230198403235208
0.02805000000000011 0.5232721811399449
0.02820000000000011 0.52350252634122
0.02835000000000011 0.5237110722397932
0.028500000000000112 0.5238980154193549
0.028650000000000113 0.5240635526933689
0.028800000000000114 0.5242078810643148
0.028950000000000115 0.5243311976836362
0.029100000000000115 0.5244336998123974
0.029250000000000116 0.5245155847826453
0.029400000000000117 0.524577049959477
0.029550000000000118 0.5246182927038099
0.02970000000000012 0.5246395103358522
0.02985000000000012 0.5246409000992729
0.03000000000000012 0.5246226591260673
0.03015000000000012 0.5245849844021158
0.030300000000000122 0.5245280727334316
0.030450000000000123 0.5244521207130979
0.030600000000000124 0.524357324688885
0.030750000000000124 0.5242438807315482
0.030900000000000125 0.524111984603802
0.031050000000000126 0.5239618317299642
0.031200000000000127 0.5237936171662655
0.03135000000000013 0.5236075355718237
0.031500000000000125 0.523403781180274
0.03165000000000012 0.5231825477720504
0.03180000000000012 0.522944028647317
0.03195000000000012 0.5226884165995384
0.032100000000000115 0.5224159038896878
0.03225000000000011 0.5221266822210868
0.03240000000000011 0.5218209427148677
0.03255000000000011 0.5214988758860588
0.032700000000000104 0.5211606716202788
0.0328500000000001 0.5208065191510421
0.0330000000000001 0.5204366070376634
0.033150000000000096 0.5200511231437559
0.03330000000000009 0.5196502546163209
0.03345000000000009 0.5192341878654163
0.03360000000000009 0.5188031085444023
0.033750000000000085 0.5183572015307537
0.03390000000000008 0.5178966509074371
0.03405000000000008 0.5174216399448411
0.03420000000000008 0.5169323510832547
0.034350000000000075 0.5164289659158885
0.03450000000000007 0.5159116651724297
0.03465000000000007 0.5153806287031243
0.03480000000000007 0.5148360354633809
0.034950000000000064 0.5142780634988862
0.03510000000000006 0.5137068899312293
0.03525000000000006 0.513122690944023
0.035400000000000056 0.5125256417695186
0.035550000000000054 0.5119159166757057
0.03570000000000005 0.5112936889538889
0.03585000000000005 0.5106591309067366
0.036000000000000046 0.5100124138367926
0.03615000000000004 0.509353708035444
0.03630000000000004 0.5086831827723385
0.03645000000000004 0.5080010062852445
0.036600000000000035 0.5073073457703454
0.03675000000000003 0.5066023673729618
0.03690000000000003 0.5058862361786954
0.03705000000000003 0.5051591162049854
0.037200000000000025 0.5044211703930718
0.03735000000000002 0.5036725606003595
0.03750000000000002 0.5029134475931735
0.03765000000000002 0.5021439910399005
0.037800000000000014 0.50136434950451
0.03795000000000001 0.500574680440445
0.03810000000000001 0.4997751401848799
0.038250000000000006 0.4989658839533354
0.038400000000000004 0.49814706583464635
0.03855 0.4973188387862714
0.0387 0.49648135462994347
0.038849999999999996 0.49563476404764983
0.03899999999999999 0.49477921657793905
0.03914999999999999 0.49391486061254264
0.03929999999999999 0.4930418433933129
0.039449999999999985 0.4921603110094625
0.03959999999999998 0.49127040839510583
0.03974999999999998 0.49037227932709093
0.03989999999999998 0.4894660664231191
0.040049999999999975 0.4885519111401458
0.04019999999999997 0.4876299537730527
0.04034999999999997 0.4867003334535919
0.04049999999999997 0.4857631881495891
0.040649999999999964 0.484818654664405
0.04079999999999996 0.4838668686366455
0.04094999999999996 0.4829079645401188
0.041099999999999956 0.4819420756840292
0.04124999999999995 0.4809693342134047
0.04139999999999995 0.47998987110975405
0.04154999999999995 0.4790038161919428
0.041699999999999945 0.4780112981172891
0.04184999999999994 0.47701244438286855
0.04199999999999994 0.47600738132702647
0.04214999999999994 0.47499623413109077
0.042299999999999935 0.4739791268212791
0.04244999999999993 0.4729561822707983
0.04259999999999993 0.47192752220212886
0.04274999999999993 0.47089326718948854
0.042899999999999924 0.469853536661473
0.04304999999999992 0.46880844890386725
0.04319999999999992 0.46775812106262293
0.043349999999999916 0.4667026691469953
0.043499999999999914 0.46564220803284095
0.04364999999999991 0.46457685146606315
0.04379999999999991 0.4635067120662074
0.043949999999999906 0.46243190133020207
0.0440999999999999 0.46135252963623335
0.0442499999999999 0.4602687062477597
0.0443999999999999 0.45918053931765407
0.044549999999999895 0.458088135892474
0.04469999999999989 0.4569916019168529
0.04484999999999989 0.4558910422380112
0.04499999999999989 0.4547865606103812
0.045149999999999885 0.45367825970034314
0.04529999999999988 0.45256624109106663
0.04544999999999988 0.45145060528745784
0.04559999999999988 0.45033145172120415
0.045749999999999874 0.4492088787559157
0.04589999999999987 0.44808298369235944
0.04604999999999987 0.4469538627737813
0.046199999999999866 0.44582161119131514
0.046349999999999864 0.44468632308947326
0.04649999999999986 0.4435480915717166
0.04664999999999986 0.44240700870609934
0.046799999999999856 0.44126316553098766
0.04694999999999985 0.44011665206084827
0.04709999999999985 0.43896755729210196
0.04724999999999985 0.4378159692090415
0.047399999999999845 0.4366619747898113
0.04754999999999984 0.4355056600124437
0.04769999999999984 0.43434710986095043
0.04784999999999984 0.4331864083314681
0.047999999999999834 0.43202363843845043
0.04814999999999983 0.4308588822209099
0.04829999999999983 0.4296922207487043
0.04844999999999983 0.4285237341288633
0.048599999999999824 0.42735350151195606
0.04874999999999982 0.42618160109849546
0.04889999999999982 0.42500811014537787
0.049049999999999816 0.42383310497235466
0.04919999999999981 0.42265666096853466
0.04934999999999981 0.4214788525989145
0.04949999999999981 0.4202997534109342
0.049649999999999805 0.4191194360410589
0.0497999999999998 0.4179379722213808
0.0499499999999998 0.41675543278623906
0.0500999999999998 0.41557188767886327
0.050249999999999795 0.4143874059580259
0.05039999999999979 0.4132020558047158
0.05054999999999979 0.4120159045288178
0.05069999999999979 0.410829018575808
0.050849999999999784 0.4096414635334548
0.05099999999999978 0.40845330413852793
0.05114999999999978 0.40726460428351446
0.051299999999999776 0.40607542702333604
0.051449999999999774 0.40488583458207084
0.05159999999999977 0.40369588835967596
0.05174999999999977 0.4025056489387081
0.051899999999999766 0.4013151760910436
0.05204999999999976 0.40012452878459476
0.05219999999999976 0.39893376519002
0.05234999999999976 0.39774294268743043
0.052499999999999755 0.3965521178730871
0.05264999999999975 0.39536134656609
0.05279999999999975 0.3941706838150582
0.05294999999999975 0.3929801839047973
0.053099999999999745 0.3917899003629562
0.05324999999999974 0.39059988596666967
0.05339999999999974 0.3894101927491876
0.05354999999999974 0.3882208720064876
0.053699999999999734 0.3870319743038714
0.05384999999999973 0.3858435494825451
0.05399999999999973 0.38465564666617946
0.054149999999999726 0.383468314267452
0.054299999999999723 0.38228159999456796
0.05444999999999972 0.38109555085776126
0.05459999999999972 0.3799102131757726
0.054749999999999716 0.3787256325823061
0.05489999999999971 0.37754185403246043
0.05504999999999971 0.37635892180913794
0.05519999999999971 0.3751768795294276
0.055349999999999705 0.37399577015096197
0.0554999999999997 0.37281563597824857
0.0556499999999997 0.37163651866897435
0.0557999999999997 0.3704584592402812
0.055949999999999694 0.36928149807501504
0.05609999999999969 0.36810567492794444
0.05624999999999969 0.3669310289319507
0.056399999999999686 0.36575759860418783
0.056549999999999684 0.36458542185221154
0.05669999999999968 0.3634145359800784
0.05684999999999968 0.3622449776944123
0.056999999999999676 0.3610767831104395
0.05714999999999967 0.35990998775799155
0.05729999999999967 0.35874462658747513
0.05744999999999967 0.3575807339758088
0.057599999999999665 0.3564183437323262
0.05774999999999966 0.355257489104645
0.05789999999999966 0.3540982027845024
0.05804999999999966 0.35294051691355516
0.058199999999999655 0.35178446308914524
0.05834999999999965 0.35063007237002974
0.05849999999999965 0.34947737528207623
0.05864999999999965 0.3483264018239212
0.058799999999999644 0.34717718147259324
0.05894999999999964 0.34602974318909996
0.05909999999999964 0.34488411542397823
0.059249999999999636 0.3437403261228075
0.059399999999999634 0.342598402731687
0.05954999999999963 0.3414583722026756
0.05969999999999963 0.34032026099919377
0.059849999999999626 0.33918409510138897
0.05999999999999962 0.3380499000114637
0.06014999999999962 0.3369177007589657
0.06029999999999962 0.3357875219060398
0.060449999999999615 0.33465938755264235
0.06059999999999961 0.3335333213417185
0.06074999999999961 0.33240934646434034
0.06089999999999961 0.33128748566480765
0.061049999999999605 0.3301677612457098
0.0611999999999996 0.3290501950729509
0.0613499999999996 0.3279348085807347
0.0614999999999996 0.32682162277651305
0.061649999999999594 0.3257106582458947
0.06179999999999959 0.32460193515751706
0.06194999999999959 0.32349547326787925
0.062099999999999586 0.32239129192613547
0.06224999999999958 0.3212894100788525
0.06239999999999958 0.32018984627472713
0.06254999999999958 0.3190926186692665
0.06269999999999958 0.317997745029429
0.06284999999999957 0.3169052427382288
0.06299999999999957 0.31581512879929974
0.06314999999999957 0.3147274198414251
0.06329999999999956 0.31364213212302444
0.06344999999999956 0.31255928153660695
0.06359999999999956 0.3114788836131848
0.06374999999999956 0.3104009535266489
0.06389999999999955 0.30932550609810744
0.06404999999999955 0.3082525558001869
0.06419999999999955 0.30718211676129575
0.06434999999999955 0.30611420276984985
0.06449999999999954 0.3050488272784625
0.06464999999999954 0.303986003408095
0.06479999999999954 0.30292574395217287
0.06494999999999954 0.30186806138066313
0.06509999999999953 0.30081296784411576
0.06524999999999953 0.2997604751776684
0.06539999999999953 0.2987105949050156
0.06554999999999953 0.2976633382423395
0.06569999999999952 0.2966187161022073
0.06584999999999952 0.2955767390974305
0.06599999999999952 0.29453741754488844
0.06614999999999951 0.29350076146931836
0.06629999999999951 0.2924667806070675
0.06644999999999951 0.29143548440981076
0.0665999999999995 0.2904068820482341
0.0667499999999995 0.2893809824156807
0.0668999999999995 0.28835779413176543
0.0670499999999995 0.2873373255459517
0.0671999999999995 0.28631958474109614
0.0673499999999995 0.2853045795369567
0.06749999999999949 0.2842923174936701
0.06764999999999949 0.28328280591519156
0.06779999999999949 0.28227605185270305
0.06794999999999948 0.28127206210798805
0.06809999999999948 0.28027084323677237
0.06824999999999948 0.27927240155203137
0.06839999999999948 0.27827674312726614
0.06854999999999947 0.27728387379974445
0.06869999999999947 0.27629379917371166
0.06884999999999947 0.27530652462356736
0.06899999999999946 0.274322055297011
0.06914999999999946 0.2733403961181552
0.06929999999999946 0.27236155179060784
0.06944999999999946 0.27138552680052164
0.06959999999999945 0.2704123254196141
0.06974999999999945 0.2694419517081543
0.06989999999999945 0.2684744095179209
0.07004999999999945 0.2675097024951281
0.07019999999999944 0.26654783408332167
0.07034999999999944 0.26558880752624475
0.07049999999999944 0.2646326258706734
0.07064999999999944 0.2636792919692233
0.07079999999999943 0.2627288084831253
0.07094999999999943 0.2617811778849727
0.07109999999999943 0.2608364024614395
0.07124999999999942 0.25989448431596907
0.07139999999999942 0.25895542537143434
0.07154999999999942 0.25801922737276956
0.07169999999999942 0.2570858918895741
0.07184999999999941 0.2561554203186876
0.07199999999999941 0.2552278138867374
0.07214999999999941 0.2543030736526587
0.0722999999999994 0.2533812005101872
0.0724499999999994 0.25246219519032376
0.0725999999999994 0.25154605826377385
0.0727499999999994 0.25063279014335793
0.0728999999999994 0.2497223910863973
0.0730499999999994 0.24881486119707202
0.07319999999999939 0.24791020042875464
0.07334999999999939 0.2470084085863154
0.07349999999999939 0.2461094853284044
0.07364999999999938 0.24521343016970637
0.07379999999999938 0.2443202424831711
0.07394999999999938 0.2434299215022184
0.07409999999999937 0.24254246632291884
0.07424999999999937 0.24165787590614912
0.07439999999999937 0.2407761490797231
0.07454999999999937 0.23989728454049947
0.07469999999999936 0.23902128085646424
0.07484999999999936 0.23814813646879024
0.07499999999999936 0.23727784969387253
0.07514999999999936 0.23641041872534138
0.07529999999999935 0.23554584163605016
0.07544999999999935 0.23468411638004305
0.07559999999999935 0.23382524079449718
0.07574999999999935 0.23296921260164405
0.07589999999999934 0.2321160294106676
0.07604999999999934 0.23126568871958153
0.07619999999999934 0.23041818791708218
0.07634999999999934 0.22957352428438277
0.07649999999999933 0.22873169499702303
0.07664999999999933 0.22789269712666016
0.07679999999999933 0.2270565276428366
0.07694999999999932 0.22622318341472825
0.07709999999999932 0.2253926612128706
0.07724999999999932 0.22456495771086604
0.07739999999999932 0.2237400694870686
0.07754999999999931 0.22291799302625087
0.07769999999999931 0.22209872472124925
0.07784999999999931 0.2212822608745895
0.0779999999999993 0.22046859770009372
0.0781499999999993 0.21965773132446714
0.0782999999999993 0.2188496577888657
0.0784499999999993 0.21804437305044447
0.0785999999999993 0.2172418729838882
0.07874999999999929 0.21644215338292155
0.07889999999999929 0.21564520996180223
0.07904999999999929 0.214851038356795
0.07919999999999928 0.2140596341276281
0.07934999999999928 0.21327099275893105
0.07949999999999928 0.21248510966165565
0.07964999999999928 0.21170198017447808
0.07979999999999927 0.21092159956518514
0.07994999999999927 0.2101439630320411
0.08009999999999927 0.2093690657051404
0.08024999999999927 0.20859690264774025
0.08039999999999926 0.207827468857579
0.08054999999999926 0.20706075926817627
0.08069999999999926 0.20629676875011843
0.08084999999999926 0.20553549211232539
0.08099999999999925 0.20477692410330392
0.08114999999999925 0.204021059412383
0.08129999999999925 0.20326789267093526
0.08144999999999925 0.20251741845358062
0.08159999999999924 0.20176963127937697
0.08174999999999924 0.20102452561299353
0.08189999999999924 0.20028209586587048
0.08204999999999923 0.19954233639736318
0.08219999999999923 0.19880524151587092
0.08234999999999923 0.19807080547995246
0.08249999999999923 0.19733902249942592
0.08264999999999922 0.19660988673645471
0.08279999999999922 0.19588339230661947
0.08294999999999922 0.19515953327997593
0.08309999999999922 0.1944383036820985
0.08324999999999921 0.1937196974951104
0.08339999999999921 0.19300370865870073
0.08354999999999921 0.19229033107112736
0.0836999999999992 0.19157955859020645
0.0838499999999992 0.19087138503428952
0.0839999999999992 0.19016580418322696
0.0841499999999992 0.1894628097793193
0.0842999999999992 0.18876239552825472
0.08444999999999919 0.18806455510003475
0.08459999999999919 0.18736928212988763
0.08474999999999919 0.18667657021916848
0.08489999999999918 0.18598641293624824
0.08504999999999918 0.18529880381739064
0.08519999999999918 0.18461373636761566
0.08534999999999918 0.1839312040615531
0.08549999999999917 0.1832512003442839
0.08564999999999917 0.1825737186321688
0.08579999999999917 0.18189875231366823
0.08594999999999917 0.18122629475014704
0.08609999999999916 0.1805563392766726
0.08624999999999916 0.17988887920279759
0.08639999999999916 0.17922390781333525
0.08654999999999916 0.17856141836912207
0.08669999999999915 0.17790140410776986
0.08684999999999915 0.17724385824440803
0.08699999999999915 0.1765887739724151
0.08714999999999914 0.17593614446413977
0.08729999999999914 0.17528596287161186
0.08744999999999914 0.1746382223272432
0.08759999999999914 0.17399291594451904
0.08774999999999913 0.1733500368186786
0.08789999999999913 0.1727095780273867
0.08804999999999913 0.17207153263139568
0.08819999999999913 0.17143589367519732
0.08834999999999912 0.1708026541876663
0.08849999999999912 0.17017180718269317
0.08864999999999912 0.16954334565980927
0.08879999999999912 0.1689172626048014
0.08894999999999911 0.1682935509903187
0.08909999999999911 0.16767220377647019
0.08924999999999911 0.16705321391141303
0.0893999999999991 0.16643657433193287
0.0895499999999991 0.16582227796401536
0.0896999999999991 0.1652103177234089
0.0898499999999991 0.16460068651617954
0.0899999999999991 0.1639933772392573
0.09014999999999909 0.1633883827809743
0.09029999999999909 0.16278569602159487
0.09044999999999909 0.16218530983383825
0.09059999999999908 0.16158721708339197
0.09074999999999908 0.16099141062941907
0.09089999999999908 0.16039788332505633
0.09104999999999908 0.15980662801790602
0.09119999999999907 0.1592176375505193
0.09134999999999907 0.15863090476087208
0.09149999999999907 0.1580464224828346
0.09164999999999907 0.15746418354663286
0.09179999999999906 0.15688418077930225
0.09194999999999906 0.15630640700513682
0.09209999999999906 0.1557308550461277
0.09224999999999905 0.1551575177223978
0.09239999999999905 0.15458638785262815
0.09254999999999905 0.1540174582544776
0.09269999999999905 0.15345072174499697
0.09284999999999904 0.15288617114103425
0.09299999999999904 0.15232379925963624
0.09314999999999904 0.1517635989184417
0.09329999999999904 0.15120556293606857
0.09344999999999903 0.15064968413249535
0.09359999999999903 0.15009595532943648
0.09374999999999903 0.14954436935071036
0.09389999999999903 0.14899491902260303
0.09404999999999902 0.14844759717422426
0.09419999999999902 0.14790239663785928
0.09434999999999902 0.14735931024931323
0.09449999999999902 0.146818330848251
0.09464999999999901 0.14627945127853095
0.09479999999999901 0.1457426643885329
0.09494999999999901 0.14520796303148062
0.095099999999999 0.14467534006575922
0.095249999999999 0.144144788355227
0.095399999999999 0.14361630076952128
0.095549999999999 0.14308987018436015
0.095699999999999 0.14256548948183811
0.09584999999999899 0.142043151550717
0.09599999999999899 0.14152284928671158
0.09614999999999899 0.14100457559277083
0.09629999999999898 0.14048832337935274
0.09644999999999898 0.13997408556469643
0.09659999999999898 0.1394618550750874
0.09674999999999898 0.13895162484511933
0.09689999999999897 0.13844338781795046
0.09704999999999897 0.13793713694555618
0.09719999999999897 0.1374328651889757
0.09734999999999897 0.13693056551855587
0.09749999999999896 0.13643023091418885
0.09764999999999896 0.13593185436554703
0.09779999999999896 0.13543542887231197
0.09794999999999895 0.13494094744440063
0.09809999999999895 0.134448403102186
0.09824999999999895 0.1339577888767146
0.09839999999999895 0.13346909780991922
0.09854999999999894 0.1329823229548278
0.09869999999999894 0.13249745737576826
0.09884999999999894 0.13201449414856936
0.09899999999999894 0.13153342636075818
0.09914999999999893 0.1310542471117523
0.09929999999999893 0.13057694951304993
0.09944999999999893 0.13010152668841524
0.09959999999999893 0.12962797177405994
0.09974999999999892 0.1291562779188218
0.09989999999999892 0.12868643828433904
0.10004999999999892 0.1282184460452212
0.10019999999999891 0.12775229438921717
0.10034999999999891 0.12728797651737883
0.10049999999999891 0.12682548564422108
0.10064999999999891 0.12636481499788038
0.1007999999999989 0.12590595782026726
0.1009499999999989 0.125448907367218
0.1010999999999989 0.12499365690864123
0.1012499999999989 0.12454019972866257
0.1013999999999989 0.12408852912576511
0.10154999999999889 0.12363863841292802
0.10169999999999889 0.12319052091776048
0.10184999999999889 0.12274416998263415
0.10199999999999888 0.12229957896481156
0.10214999999999888 0.12185674123657239
0.10229999999999888 0.12141565018533558
0.10244999999999888 0.12097629921378014
0.10259999999999887 0.12053868173996227
0.10274999999999887 0.12010279119742931
0.10289999999999887 0.11966862103533203
0.10304999999999886 0.11923616471853307
0.10319999999999886 0.11880541572771386
0.10334999999999886 0.1183763675594776
0.10349999999999886 0.11794901372645056
0.10364999999999885 0.1175233477573808
0.10379999999999885 0.11709936319723394
0.10394999999999885 0.11667705360728642
0.10409999999999885 0.11625641256521678
0.10424999999999884 0.11583743366519413
0.10439999999999884 0.11542011051796437
0.10454999999999884 0.1150044367509339
0.10469999999999884 0.11459040600825116
0.10484999999999883 0.11417801195088605
0.10499999999999883 0.11376724825670642
0.10514999999999883 0.1133581086205532
0.10529999999999883 0.11295058675431276
0.10544999999999882 0.11254467638698724
0.10559999999999882 0.11214037126476285
0.10574999999999882 0.11173766515107596
0.10589999999999881 0.11133655182667725
0.10604999999999881 0.11093702508969337
0.10619999999999881 0.11053907875568744
0.1063499999999988 0.11014270665771674
0.1064999999999988 0.1097479026463888
0.1066499999999988 0.10935466058991568
0.1067999999999988 0.10896297437416627
0.1069499999999988 0.10857283790271598
0.1070999999999988 0.10818424509689636
0.10724999999999879 0.10779718989584114
0.10739999999999879 0.10741166625653095
0.10754999999999879 0.10702766815383717
0.10769999999999878 0.10664518958056278
0.10784999999999878 0.10626422454748241
0.10799999999999878 0.10588476708338028
0.10814999999999877 0.10550681123508636
0.10829999999999877 0.1051303510675116
0.10844999999999877 0.10475538066368063
0.10859999999999877 0.10438189412476333
0.10874999999999876 0.1040098855701051
0.10889999999999876 0.10363934913725517
0.10904999999999876 0.10327027898199354
0.10919999999999876 0.10290266927835644
0.10934999999999875 0.10253651421866009
0.10949999999999875 0.10217180801352373
0.10964999999999875 0.10180854489189038
0.10979999999999875 0.10144671910104644
0.10994999999999874 0.1010863249066405
0.11009999999999874 0.10072735659269969
0.11024999999999874 0.10036980846164606
0.11039999999999874 0.10001367483431021
0.11054999999999873 0.09965895004994485
0.11069999999999873 0.09930562846623614
0.11084999999999873 0.09895370445931467
0.11099999999999872 0.09860317242376422
0.11114999999999872 0.09825402677263007
0.11129999999999872 0.0979062619374262
0.11144999999999872 0.09755987236814005
0.11159999999999871 0.09721485253323829
0.11174999999999871 0.09687119691966921
0.11189999999999871 0.09652890003286535
0.1120499999999987 0.09618795639674481
0.1121999999999987 0.09584836055371125
0.1123499999999987 0.09551010706465278
0.1124999999999987 0.09517319050894
0.1126499999999987 0.09483760548442323
0.11279999999999869 0.09450334660742789
0.11294999999999869 0.09417040851275015
0.11309999999999869 0.09383878585365013
0.11324999999999869 0.09350847330184552
0.11339999999999868 0.09317946554750334
0.11354999999999868 0.09285175729923104
0.11369999999999868 0.09252534328406678
0.11384999999999867 0.09220021824746881
0.11399999999999867 0.09187637695330371
0.11414999999999867 0.09155381418383397
0.11429999999999867 0.09123252473970497
0.11444999999999866 0.09091250343993044
0.11459999999999866 0.09059374512187776
0.11474999999999866 0.0902762446412522
0.11489999999999866 0.08995999687207998
0.11504999999999865 0.08964499670669146
0.11519999999999865 0.08933123905570255
0.11534999999999865 0.08901871884799623
0.11549999999999865 0.08870743103070267
0.11564999999999864 0.08839737056917903
0.11579999999999864 0.0880885324469881
0.11594999999999864 0.08778091166587716
0.11609999999999863 0.08747450324575477
0.11624999999999863 0.08716930222466843
0.11639999999999863 0.08686530365878016
0.11654999999999863 0.08656250262234244
0.11669999999999862 0.08626089420767301
0.11684999999999862 0.08596047352512917
0.11699999999999862 0.08566123570308151
0.11714999999999862 0.08536317588788689
0.11729999999999861 0.08506628924386125
0.11744999999999861 0.08477057095325105
0.11759999999999861 0.08447601621620512
0.1177499999999986 0.08418262025074487
0.1178999999999986 0.0838903782927351
0.1180499999999986 0.0835992855958536
0.1181999999999986 0.08330933743155994
0.1183499999999986 0.08302052908906442
0.11849999999999859 0.08273285587529647
0.11864999999999859 0.08244631311487173
0.11879999999999859 0.08216089615005988
0.11894999999999858 0.08187660034075077
0.11909999999999858 0.08159342106442129
0.11924999999999858 0.08131135371610053
0.11939999999999858 0.08103039370833542
0.11954999999999857 0.08075053647115592
0.11969999999999857 0.08047177745203886
0.11984999999999857 0.0801941121158727
0.11999999999999857 0.07991753594492067
0.12014999999999856 0.07964204443878439
0.12029999999999856 0.07936763311436643
0.12044999999999856 0.07909429750583293
0.12059999999999856 0.0788220331645759
0.12074999999999855 0.07855083565917483
0.12089999999999855 0.07828070057535798
0.12104999999999855 0.07801162351596336
0.12119999999999855 0.07774360010089994
0.12134999999999854 0.07747662596710739
0.12149999999999854 0.07721069676851657
0.12164999999999854 0.07694580817600916
0.12179999999999853 0.07668195587737685
0.12194999999999853 0.07641913557728072
0.12209999999999853 0.0761573429972101
0.12224999999999853 0.07589657387544105
0.12239999999999852 0.07563682396699434
0.12254999999999852 0.0753780890435939
0.12269999999999852 0.0751203648936243
0.12284999999999852 0.07486364732208822
0.12299999999999851 0.07460793215056365
0.12314999999999851 0.07435321521716082
0.12329999999999851 0.07409949237647934
0.1234499999999985 0.07384675949956404
0.1235999999999985 0.0735950124738618
0.1237499999999985 0.0733442472031772
0.1238999999999985 0.0730944596076286
0.1240499999999985 0.07284564562360368
0.12419999999999849 0.07259780120371516
0.12434999999999849 0.07235092231675538
0.12449999999999849 0.07210500494765208
0.12464999999999848 0.07186004509742276
0.12479999999999848 0.07161603878312978
0.12494999999999848 0.07137298203783424
0.1250999999999985 0.07113087091055115
0.1252499999999985 0.07088970146620299
0.1253999999999985 0.07064946978557415
0.12554999999999852 0.07041017196526445
0.12569999999999854 0.07017180411764308
0.12584999999999855 0.06993436237080246
0.12599999999999856 0.06969784286851101
0.12614999999999857 0.06946224177016729
0.12629999999999858 0.06922755525075257
0.1264499999999986 0.06899377950078432
0.1265999999999986 0.068760910726269
0.1267499999999986 0.06852894514865504
0.12689999999999863 0.06829787900478547
0.12704999999999864 0.0680677085468507
0.12719999999999865 0.06783843004234102
0.12734999999999866 0.06761003977399908
0.12749999999999867 0.06738253403977225
0.12764999999999868 0.06715590915276502
0.1277999999999987 0.06693016144119113
0.1279499999999987 0.06670528724832561
0.12809999999999871 0.06648128293245711
0.12824999999999873 0.06625814486683984
0.12839999999999874 0.06603586943964522
0.12854999999999875 0.06581445305391415
0.12869999999999876 0.06559389212750866
0.12884999999999877 0.06537418309306366
0.12899999999999878 0.06515532239793866
0.1291499999999988 0.06493730650416976
0.1292999999999988 0.06472013188842067
0.12944999999999882 0.064503795041935
0.12959999999999883 0.06428829247048724
0.12974999999999884 0.06407362069433499
0.12989999999999885 0.06385977624816959
0.13004999999999886 0.06364675568106834
0.13019999999999887 0.0634345555564458
0.13034999999999888 0.06322317245200501
0.1304999999999989 0.06301260295968902
0.1306499999999989 0.06280284368563266
0.13079999999999892 0.0625938912501134
0.13094999999999893 0.06238574228750324
0.13109999999999894 0.062178393446219844
0.13124999999999895 0.06197184138867818
0.13139999999999896 0.061766082791241544
0.13154999999999897 0.06156111434417355
0.13169999999999898 0.06135693275158914
0.131849999999999 0.06115353473140622
0.131999999999999 0.06095091701529695
0.13214999999999902 0.06074907634863949
0.13229999999999903 0.06054800949046929
0.13244999999999904 0.060347713213430576
0.13259999999999905 0.060148184303728286
0.13274999999999906 0.059949419561079124
0.13289999999999907 0.05975141579866354
0.13304999999999909 0.059554169843077084
0.1331999999999991 0.059357678534282414
0.1333499999999991 0.0591619387255607
0.13349999999999912 0.058966947283463626
0.13364999999999913 0.058772701087765
0.13379999999999914 0.05857919703141259
0.13394999999999915 0.05838643202048022
0.13409999999999916 0.05819440297411933
0.13424999999999918 0.058003106824511416
0.1343999999999992 0.057812540516819576
0.1345499999999992 0.05762270100914108
0.1346999999999992 0.057433585272459044
0.13484999999999922 0.05724519029059496
0.13499999999999923 0.05705751306016088
0.13514999999999924 0.05687055059051163
0.13529999999999925 0.05668429990369735
0.13544999999999927 0.0564987580344156
0.13559999999999928 0.05631392202996457
0.1357499999999993 0.05612978895019483
0.1358999999999993 0.05594635586746254
0.1360499999999993 0.055763619866582
0.13619999999999932 0.055581578044778514
0.13634999999999933 0.05540022751164101
0.13649999999999934 0.05521956538907547
0.13664999999999936 0.05503958881125741
0.13679999999999937 0.05486029492458544
0.13694999999999938 0.054681680887634074
0.1370999999999994 0.05450374387110749
0.1372499999999994 0.05432648105779221
0.1373999999999994 0.05414988964251114
0.13754999999999942 0.05397396683207684
0.13769999999999943 0.053798709845245235
0.13784999999999945 0.05362411591266895
0.13799999999999946 0.05345018227685169
0.13814999999999947 0.05327690619210177
0.13829999999999948 0.053104284924485975
0.1384499999999995 0.05293231575178399
0.1385999999999995 0.05276099596344236
0.1387499999999995 0.052590322860528706
0.13889999999999952 0.052420293755686194
0.13904999999999954 0.05225090597308782
0.13919999999999955 0.052082156848391285
0.13934999999999956 0.0519140437286933
0.13949999999999957 0.05174656397248459
0.13964999999999958 0.051579714949604616
0.1397999999999996 0.051413494041196495
0.1399499999999996 0.051247898639662365
0.1400999999999996 0.05108292614861827
0.14024999999999962 0.05091857398284928
0.14039999999999964 0.050754839568265486
0.14054999999999965 0.05059172034185692
0.14069999999999966 0.05042921375164931
0.14084999999999967 0.050267317256660025
0.14099999999999968 0.05010602832685353
0.1411499999999997 0.04994534444309753
0.1412999999999997 0.04978526309711906
0.14144999999999971 0.04962578179146055
0.14159999999999973 0.049466898039436026
0.14174999999999974 0.04930860936508766
0.14189999999999975 0.049150913303142106
0.14204999999999976 0.04899380739896734
0.14219999999999977 0.048837289208529075
0.14234999999999978 0.048681356298347855
0.1424999999999998 0.04852600624545584
0.1426499999999998 0.048371236637354265
0.14279999999999982 0.04821704507197001
0.14294999999999983 0.04806342915761345
0.14309999999999984 0.04791038651293566
0.14324999999999985 0.047757914766886046
0.14339999999999986 0.04760601155866997
0.14354999999999987 0.04745467453770655
0.14369999999999988 0.047303901363586684
0.1438499999999999 0.04715368970603093
0.1439999999999999 0.04700403724484772
0.14414999999999992 0.04685494166989186
0.14429999999999993 0.04670640068102252
0.14444999999999994 0.04655841198806206
0.14459999999999995 0.04641097331075468
0.14474999999999996 0.046264082378725147
0.14489999999999997 0.04611773693143771
0.14504999999999998 0.04597193471815511
0.1452 0.04582667349789748
0.14535 0.04568195103940242
0.14550000000000002 0.04553776512108337
0.14565000000000003 0.045394113530989946
0.14580000000000004 0.04525099406676714
0.14595000000000005 0.045108404535615335
0.14610000000000006 0.04496634275425011
0.14625000000000007 0.04482480654886236
0.14640000000000009 0.044683793755078416
0.1465500000000001 0.04454330221792013
0.1467000000000001 0.04440332979176592
0.14685000000000012 0.0442638743403106
0.14700000000000013 0.04412493373652637
0.14715000000000014 0.04398650586262376
0.14730000000000015 0.04384858861001233
0.14745000000000016 0.043711179879261944
0.14760000000000018 0.0435742775800637
0.1477500000000002 0.043437879631191424
0.1479000000000002 0.04330198396046325
0.1480500000000002 0.04316658850470288
0.14820000000000022 0.04303169120970154
0.14835000000000023 0.04289729003017981
0.14850000000000024 0.04276338292974929
0.14865000000000025 0.04262996788087527
0.14880000000000027 0.04249704286483829
0.14895000000000028 0.042364605871697145
0.1491000000000003 0.04223265490025076
0.1492500000000003 0.04210118795800132
0.1494000000000003 0.04197020306111671
0.14955000000000032 0.041839698234393506
0.14970000000000033 0.041709671511219945
0.14985000000000034 0.0415801209335391
0.15000000000000036 0.041451044551812075
0.15015000000000037 0.04132244042498148
0.15030000000000038 0.041194306620434946
0.1504500000000004 0.04106664121396873
0.1506000000000004 0.04093944228975151
0.1507500000000004 0.040812707940288434
0.15090000000000042 0.04068643626638485
0.15105000000000043 0.040560625377110915
0.15120000000000045 0.04043527338976543
0.15135000000000046 0.0403103784298407
0.15150000000000047 0.040185938630986844
0.15165000000000048 0.04006195213497656
0.1518000000000005 0.0399384170916698
0.1519500000000005 0.0398153316589792
0.1521000000000005 0.03969269400283434
0.15225000000000052 0.039570502297147925
0.15240000000000054 0.03944875472378018
0.15255000000000055 0.03932744947250511
0.15270000000000056 0.039206584740975596
0.15285000000000057 0.039086158734689264
0.15300000000000058 0.03896616966695435
0.1531500000000006 0.038846615758855674
0.1533000000000006 0.038727495239220845
0.1534500000000006 0.03860880634458626
0.15360000000000062 0.03849054731916368
0.15375000000000064 0.038372716414806676
0.15390000000000065 0.03825531189097711
0.15405000000000066 0.03813833201471212
0.15420000000000067 0.03802177506059074
0.15435000000000068 0.037905639310701164
0.1545000000000007 0.037789923054607565
0.1546500000000007 0.03767462458931766
0.15480000000000071 0.0375597422192499
0.15495000000000073 0.03744527425620093
0.15510000000000074 0.03733121901931341
0.15525000000000075 0.03721757483504368
0.15540000000000076 0.037104340037129535
0.15555000000000077 0.0369915129665584
0.15570000000000078 0.036879091971535376
0.1558500000000008 0.03676707540745153
0.1560000000000008 0.03665546163685226
0.15615000000000082 0.036544249029405715
0.15630000000000083 0.03643343596187166
0.15645000000000084 0.036323020818069957
0.15660000000000085 0.03621300198884962
0.15675000000000086 0.036103377872057765
0.15690000000000087 0.03599414687250875
0.15705000000000088 0.03588530740195333
0.1572000000000009 0.03577685787904825
0.1573500000000009 0.035668796729325346
0.15750000000000092 0.035561122385161716
0.15765000000000093 0.03545383328574889
0.15780000000000094 0.0353469278770631
0.15795000000000095 0.035240404611834926
0.15810000000000096 0.03513426194951981
0.15825000000000097 0.035028498356267784
0.15840000000000098 0.034923112304894276
0.158550000000001 0.034818102274850264
0.158700000000001 0.03471346675219299
0.15885000000000102 0.03460920422955656
0.15900000000000103 0.03450531320612289
0.15915000000000104 0.034401792187592595
0.15930000000000105 0.03429863968615599
0.15945000000000106 0.034195854220464394
0.15960000000000107 0.03409343431560126
0.15975000000000109 0.033991378503053726
0.1599000000000011 0.03388968532068411