#tempo  volume  pressao temperatura
0	231.27	103.79	290.03
0.346	230.97	105.74	290.18
0.692	230.81	105.74	290.34
1.038	230.35	105.74	290.03
1.384	230.05	104.76	290.03
1.73	230.20	106.72	290.34
2.076	229.90	106.72	290.34
2.422	229.74	106.72	290.49
2.768	229.28	106.72	289.72
3.114	228.98	106.72	290.34
3.46	228.52	107.69	290.49
3.806	228.52	107.69	290.49
4.152	228.21	107.69	290.49
4.498	227.91	108.67	290.49
4.844	227.91	107.69	290.80
5.19	227.29	107.69	290.96
5.536	227.14	107.69	290.96
5.882	227.75	108.67	290.03
6.228	226.68	105.74	290.80
6.574	226.22	107.69	290.96
6.92	226.07	109.16	291.27
7.266	225.77	108.67	290.96
7.612	225.77	106.23	290.65
7.958	225.31	109.65	290.96
8.304	225.15	109.16	291.27
8.651	224.54	109.16	291.27
8.997	224.24	110.13	290.96
9.343	223.16	104.76	290.96
9.689	223.62	109.65	291.27
10.035	223.32	111.60	291.74
10.381	222.86	111.60	291.74
10.727	222.25	111.60	291.58
11.073	221.79	111.60	291.74
11.419	218.42	111.60	291.89
11.765	221.64	112.58	291.74
12.111	221.18	112.58	292.20
12.457	220.87	112.58	291.89
12.803	220.41	113.06	292.20
13.149	216.43	113.55	292.05
13.495	219.49	113.55	292.20
13.841	219.34	114.04	292.05
14.187	219.03	114.04	292.36
14.533	218.73	114.53	292.83
14.879	210.93	115.51	292.05
15.225	179.72	115.02	292.83
15.571	216.89	115.02	292.05
15.917	193.34	112.09	292.20
16.263	192.42	116.48	292.67
16.609	193.64	115.02	292.98
16.955	215.98	116.97	293.60
17.301	215.52	115.51	292.83
17.647	211.39	116.00	293.14
17.993	180.18	117.46	293.14
18.339	213.53	117.46	293.14
18.685	215.36	117.46	293.29
19.031	213.68	115.51	293.29
19.377	213.22	116.97	293.60
19.723	213.07	119.41	292.98
20.069	209.09	118.93	294.07
20.415	212.00	119.41	293.60
20.761	211.54	119.41	294.07
21.107	211.08	120.39	294.23
21.453	210.62	120.39	294.07
21.799	210.47	121.37	294.23
22.145	210.01	120.39	294.38
22.491	209.40	121.86	294.69
22.837	208.94	121.86	294.54
23.183	208.63	123.32	294.69
23.529	208.02	123.32	294.38
23.875	207.72	123.32	294.69
24.221	207.10	123.32	295.00
24.567	206.80	124.30	295.31
24.913	206.19	124.30	295.00
25.26	205.12	123.81	295.16
25.606	205.42	122.34	295.31
25.952	204.81	124.30	295.94
26.298	204.04	127.23	295.31
26.644	203.89	124.30	295.63
26.99	203.43	125.76	295.63
27.336	202.67	126.74	295.78
27.682	202.21	127.23	296.09
28.028	201.75	128.21	296.40
28.374	201.60	127.23	295.78
28.72	200.53	128.21	295.94
29.066	199.91	128.21	296.56
29.412	199.61	129.18	296.87
29.758	199.30	131.62	296.25
30.104	198.84	130.16	296.56
30.45	198.23	131.14	296.87
30.796	197.93	131.14	297.18
31.142	197.31	132.11	297.03
31.488	196.70	132.11	297.18
31.834	196.24	132.11	297.34
32.18	195.78	134.07	297.80
32.526	195.17	135.04	297.80
32.872	194.56	135.04	297.80
33.218	193.95	135.53	297.96
33.564	193.64	134.55	297.80
33.91	193.03	136.02	298.11
34.256	192.57	136.51	298.27
34.602	192.27	137.00	298.74
34.948	191.50	137.00	298.43
35.294	191.35	138.95	298.74
35.64	190.74	138.95	298.74
35.986	190.28	138.46	297.49
36.332	189.67	141.88	299.05
36.678	188.90	140.42	299.20
37.024	188.44	140.42	299.20
37.37	187.83	141.88	299.51
37.716	187.52	142.86	299.67
38.062	186.91	142.86	299.67
38.408	186.30	142.86	300.14
38.754	185.84	144.32	300.29
39.1	185.23	143.83	300.29
39.446	185.08	146.28	299.83
39.792	183.85	142.37	300.76
40.138	183.85	146.76	300.91
40.484	183.24	146.76	300.91
40.83	182.32	147.25	300.76
41.176	182.02	146.28	301.54
41.522	181.41	148.72	301.54
41.869	181.41	148.72	301.85
42.215	180.64	148.72	301.85
42.561	180.18	150.18	301.85
42.907	179.42	150.67	301.85
43.253	178.96	150.18	302.31
43.599	178.35	152.63	302.47
43.945	177.43	152.63	302.47
44.291	176.82	154.58	302.31
44.637	176.36	154.58	302.94
44.983	175.90	155.56	303.09
45.329	175.29	157.02	303.25
45.675	174.68	159.46	300.60
46.021	174.06	155.56	303.25
46.367	173.45	157.02	303.87
46.713	173.15	158.97	303.87
47.059	173.15	160.44	304.65
47.405	172.53	159.46	304.34
47.751	171.77	160.44	304.34
48.097	170.85	162.39	304.65
48.443	170.09	163.37	304.96
48.789	169.78	163.37	304.02
49.135	167.95	161.90	304.80
49.481	167.95	164.35	305.58
49.827	167.64	165.81	305.74
50.173	166.87	166.30	305.89
50.519	166.42	167.28	305.89
50.865	165.96	168.25	306.67
51.211	165.34	169.23	306.67
51.557	164.58	170.70	306.67
51.903	163.66	171.67	306.82
52.249	163.20	171.18	306.82
52.595	162.59	173.14	307.29
52.941	161.98	173.14	307.29
53.287	161.37	175.09	307.76
53.633	160.45	175.09	307.60
53.979	159.99	177.05	308.07
54.325	159.38	177.53	308.38
54.671	158.61	178.51	308.69
55.017	157.85	179.98	308.38
55.363	157.08	179.00	308.69
55.709	156.63	178.02	309.00
56.055	156.17	182.42	309.47
56.401	155.40	182.91	309.78
56.747	154.48	185.84	309.31
57.093	154.48	185.84	310.09
57.439	153.41	186.81	310.56
57.785	153.11	188.77	310.87
58.131	152.34	188.77	310.25
58.478	151.43	189.74	310.71
58.824	151.12	190.72	311.49
59.17	150.35	191.21	311.80
59.516	150.05	193.65	312.11
59.862	149.28	194.63	308.85
60.208	148.37	195.12	312.27
60.554	148.06	197.07	312.89
60.9	147.45	198.53	312.89
61.246	146.84	198.53	313.20
61.592	146.22	199.51	313.36
61.938	145.61	201.95	313.67
62.284	144.69	202.93	314.13
62.63	144.24	203.42	314.29
62.976	143.62	205.37	314.60
63.322	142.86	205.86	314.76
63.668	142.25	206.35	315.22
64.014	141.48	209.28	315.38
64.36	141.02	210.26	315.69
64.706	139.95	210.74	315.69
65.052	139.95	213.68	316.16
65.398	139.04	214.16	316.62
65.744	138.42	214.65	316.47
66.09	137.96	217.09	317.09
66.436	137.05	220.02	316.62
66.782	136.74	217.09	317.56
67.128	135.82	221.49	318.02
67.474	135.36	222.47	318.33
67.82	134.60	224.42	318.18
68.166	134.45	224.91	318.64
68.512	133.53	225.40	319.42
68.858	133.07	228.82	319.58
69.204	132.46	228.82	319.58
69.55	132.15	228.33	319.89
69.896	130.93	231.26	320.36
70.242	130.62	233.70	320.82
70.588	129.86	235.65	320.98
70.934	129.09	235.65	321.13
71.28	128.48	236.63	321.60
71.626	128.02	238.58	322.07
71.972	127.56	241.51	322.22
72.318	126.95	242.98	322.84
72.664	126.03	243.47	323.00
73.01	125.57	244.44	323.00
73.356	125.12	247.37	323.62
73.702	124.35	248.35	323.93
74.048	124.05	249.33	323.93
74.394	123.43	250.31	324.71
74.74	122.97	252.26	325.33
75.087	122.21	255.19	325.49
75.433	121.60	256.17	325.80
75.779	120.83	257.14	323.31
76.125	120.53	256.17	326.11
76.471	120.22	260.07	326.58
76.817	119.76	262.03	327.04
77.163	119.00	263.98	327.51
77.509	118.54	265.93	327.35
77.855	118.08	265.93	328.13
78.201	117.47	268.38	328.44
78.547	116.86	269.84	328.60
78.893	115.63	270.82	330.00
79.239	116.09	271.79	329.22
79.585	115.48	274.24	330.31
79.931	115.02	277.66	330.15
80.277	114.41	279.61	330.62
80.623	113.95	280.59	330.78
80.969	113.34	281.56	331.40
81.315	113.03	281.56	331.55
81.661	112.57	284.00	332.02
82.007	111.96	284.49	332.64
82.353	111.50	286.94	332.80
82.699	111.04	289.38	333.27
83.045	110.58	292.80	333.73
83.391	110.13	293.77	333.89
83.737	109.21	294.75	334.35
84.083	109.21	296.21	334.82
84.429	108.90	297.68	335.29
84.775	108.60	300.12	335.75
85.121	107.98	301.10	335.75
85.467	107.68	303.05	336.06
85.813	107.07	300.61	336.84
86.159	106.76	302.56	337.15
86.505	106.15	306.96	337.31
86.851	105.84	307.94	335.75
87.197	105.38	307.94	338.24
87.543	105.08	310.87	338.86
87.889	105.08	313.31	339.18
88.235	104.47	314.77	339.33
88.581	104.62	314.77	339.64
88.927	104.01	316.73	340.11
89.273	103.55	318.68	340.58
89.619	102.63	321.12	340.58
89.965	102.63	322.10	341.98
90.311	102.17	323.57	341.35
90.657	101.87	324.54	341.98
91.003	101.41	327.47	342.44
91.349	101.10	328.94	343.22
91.696	100.64	329.43	343.53
92.042	100.34	331.38	343.84
92.388	100.18	332.84	344.15
92.734	99.72	333.82	344.62
93.08	99.42	336.26	344.77
93.426	98.81	338.22	345.24
93.772	98.65	339.19	346.02
94.118	98.35	341.15	346.49
94.464	98.04	344.08	346.64
94.81	97.74	346.03	346.80
95.156	97.28	347.50	347.26
95.502	96.97	348.96	347.89
95.848	96.82	350.92	348.04
96.194	96.36	352.87	349.29
96.54	97.12	354.82	349.60
96.886	95.75	354.82	349.44
97.232	95.29	355.80	350.06
97.578	95.44	357.75	350.37
97.924	95.29	357.75	349.60
98.27	94.52	355.80	351.15
98.616	94.68	354.82	351.93
98.962	94.52	355.80	352.24
99.308	94.52	356.29	352.55
99.654	94.52	359.71	352.09
