.03125	88.05787384	0.3
.15625	88.04838806	0.3
.28125	88.14681157	0.3
.40625	88.47468636	0.3
.53125	88.14906518	0.3
.65625	87.92119009	0.3
.78125	87.86862613	0.3
.90625	88.21115663	0.3
1.03125	87.82823527	0.3
1.15625	87.58796538	0.3
1.28125	87.555357	0.3
1.40625	87.61651792	0.3
1.53125	87.88073448	0.3
1.65625	87.56616191	0.3
1.78125	87.32225788	0.3
1.90625	87.17417471	0.3
2.03125	87.5466502	0.3
2.15625	87.1734136	0.3
2.28125	87.12431523	0.3
2.40625	86.90714079	0.3
2.53125	86.98358269	0.3
2.65625	86.87962188	0.3
2.78125	86.80352183	0.3
2.90625	86.64870951	0.3
3.03125	86.5635768	0.3
3.15625	86.69123126	0.3
3.28125	86.41011397	0.3
3.40625	86.17633586	0.3
3.53125	86.21589873	0.3
3.65625	86.12107567	0.3
3.78125	85.64910132	0.3
3.90625	85.99130433	0.3
4.03125	85.78232576	0.3
4.15625	86.05056186	0.3
4.28125	85.65776846	0.3
4.40625	85.8628469	0.3
4.53125	85.47061221	0.3
4.65625	85.35941931	0.3
4.78125	85.44810662	0.3
4.90625	85.34592683	0.3
5.03125	85.33743683	0.3
5.15625	85.02816068	0.3
5.28125	85.1853788	0.3
5.40625	84.98876035	0.3
5.53125	84.96771747	0.3
5.65625	84.93020076	0.3
5.78125	84.73007395	0.3
5.90625	84.77567683	0.3
6.03125	84.60960648	0.3
6.15625	84.5286323	0.3
6.28125	84.3453466	0.3
6.40625	84.38962648	0.3
6.53125	84.28991639	0.3
6.65625	84.1988705	0.3
6.78125	83.72921874	0.3
6.90625	84.05530602	0.3
7.03125	83.99220313	0.3
7.15625	83.79758462	0.3
7.28125	83.79718962	0.3
7.40625	83.77983844	0.3
7.53125	83.81468778	0.3
7.65625	83.58146892	0.3
7.78125	83.58700714	0.3
7.90625	83.47315017	0.3
8.03125	83.37060963	0.3
8.15625	82.96639101	0.3
8.28125	83.14230479	0.3
8.40625	82.83134713	0.3
8.53125	82.98244835	0.3
8.65625	82.94693959	0.3
8.78125	82.53175664	0.3
8.90625	82.75309589	0.3
9.03125	82.84976248	0.3
9.15625	82.60025119	0.3
9.28125	82.58042438	0.3
9.40625	82.46509651	0.3
9.53125	82.33909654	0.3
9.65625	82.33632688	0.3
9.78125	82.28158955	0.3
9.90625	82.48770792	0.3
10.03125	82.14281928	0.3
10.15625	82.10617814	0.3
10.28125	82.15924569	0.3
10.40625	82.08226975	0.3
10.53125	81.94449033	0.3
10.65625	81.92678861	0.3
10.78125	81.41598658	0.3
10.90625	81.6371479	0.3
11.03125	81.6594894	0.3
11.15625	81.05355758	0.3
11.28125	81.25250029	0.3
11.42188	80.98625892	0.3
1.360.835	81.31932709	0.3
11.70313	80.84958227	0.3
11.84375	81.23875006	0.3
11.98438	81.12728598	0.3
12.125	81.00750227	0.3
12.26563	80.94139921	0.3
12.40625	80.93565214	0.3
12.54688	80.74862454	0.3
1.817.418	80.45069946	0.3
12.82813	80.58135893	0.3
12.96875	80.6023025	0.3
13.10938	80.72099196	0.3
13.25	80.34970702	0.3
13.39063	79.84167771	0.3
13.53125	80.44992799	0.3
13.67188	80.03264738	0.3
13.8125	79.91493651	0.3
13.95313	79.96419152	0.3
14.09375	79.93338874	0.3
14.23438	79.85939608	0.3
14	79.68670317	0.3
14.51563	79.85009749	0.3
14.65625	79.51249406	0.3
14.79688	79.52857513	0.3
14.9375	79.39912723	0.3
15.07813	79.62896509	0.3
15.21875	78.88117231	0.3
15.35938	79.27951018	0.3
15.64063	79.20837928	0.3
15.64063	79.05101922	0.3
15.78125	78.85906047	0.3
15.92188	79.09363101	0.3
16.0625	78.51754087	0.3
16.20313	78.94870156	0.3
16.34375	78.73110411	0.3
16.48438	78.75190147	0.3
16.625	78.66871206	0.3
16.76563	78.38903413	0.3
16.90625	78.35856992	0.3
17.04688	77.91611332	0.3
17.1875	78.32739068	0.3
17.32813	78.16303093	0.3
17.46875	78.06686299	0.3
17.60938	78.09742357	0.3
17.75	77.51790974	0.3
17.89063	77.93263271	0.3
18.03125	77.88845699	0.3
18.17188	77.83202847	0.3
18.3125	77.80862445	0.3
18.45313	77.45529993	0.3
18.59375	77.61121052	0.3
18.73438	77.49928578	0.3
18.875	77.21654012	0.3
19.01563	77.46570901	0.3
19.15625	77.43169546	0.3
19.29688	77.46042456	0.3
19.4375	76.89120162	0.3
19.57813	77.23884703	0.3
19.71875	77.06887186	0.3
19.85938	76.97540391	0.3
20	76.9036164	0.3
20.14063	76.96630882	0.3
20.28125	76.76934643	0.3
20.42188	76.78444107	0.3
20.5625	76.61741402	0.3
20.70313	76.66899139	0.3
20.84375	76.55485093	0.3
20.98438	76.49228997	0.3
21.125	76.47139582	0.3
21.26563	76.65467592	0.3
21.40625	76.23990682	0.3
21.54688	76.11710076	0.3
21.6875	76.19831111	0.3
21.82813	76.49495368	0.3
21.96875	75.99722185	0.3
22.10938	75.90186454	0.3
22.25	75.85624994	0.3
22.39063	75.37721661	0.3
22.53125	75.8751144	0.3
22.67188	75.40965864	0.3
22.8125	75.82520706	0.3
22.95313	75.78639935	0.3
23.09375	75.71158211	0.3
23.23438	75.57706913	0.3
23.375	75.53411822	0.3
23.51563	75.1823004	0.3
23.65625	75.33816135	0.3
23.79688	75.32043838	0.3
23.9375	75.2350049	0.3
24.07813	74.95084359	0.3
24.21875	75.08023692	0.3
24.35938	74.96890467	0.3
24.64063	74.99285047	0.3
24.64063	74.91375781	0.3
24.78125	74.84151937	0.3
24.92188	74.83853397	0.3
25.0625	74.6760308	0.3
25.20313	74.96598473	0.3
25.34375	74.48181818	0.3
25.48438	74.57799097	0.3
25.76563	74.44932205	0.3
25.76563	74.37920402	0.3
25.90625	74.73484274	0.3
26.04688	74.29642464	0.3
26.1875	74.1721265	0.3
26.32813	74.25357418	0.3
26.46875	74.16427006	0.3
26.60938	74.08590467	0.3
26.75	73.8218151	0.3
26.89063	73.90728554	0.3
27.03125	73.98197395	0.3
27.17188	73.80384373	0.3
27.3125	73.73491892	0.3
27.45313	73.7654318	0.3
27.59375	73.65737848	0.3
27.73438	73.26458461	0.3
27.875	73.53269745	0.3
28.01563	73.56125865	0.3
28.15625	73.24950016	0.3
28.29688	73.37633895	0.3
28.4375	72.88035888	0.3
28.57813	72.92046332	0.3
28.71875	73.06773976	0.3
28.85938	72.96015273	0.3
29	73.04345185	0.3
29.14063	73.14534868	0.3
29.28125	72.69613415	0.3
29.4375	72.90688158	0.3
29.59375	72.88839799	0.3
29.75	72.8881605	0.3
29.90625	72.8080843	0.3
30.0625	72.72859715	0.3
30.21875	72.73383854	0.3
30.6875	72.52860367	0.3
30.53125	72.34949157	0.3
30.6875	72.61784329	0.3
30.84375	72.37133676	0.3
31.46875	72.47597089	0.3
31.15625	72.26537742	0.3
31.3125	72.30566813	0.3
31.46875	72.29657245	0.3
31.625	72.19440277	0.3
31.78125	72.04498843	0.3
31.9375	72.43792394	0.3
32.09375	72.36284843	0.3
32.25	72.02094859	0.3
32.40625	72.0871867	0.3
32.5625	71.92796893	0.3
32.71875	71.5986299	0.3
32.875	71.52271947	0.3
33.03125	71.43818494	0.3
33.1875	71.70304206	0.3
33.34375	71.62505064	0.3
33.5	71.59876291	0.3
33.65625	71.32655489	0.3
33.8125	71.36133171	0.3
33.96875	71.37445224	0.3
34.125	71.3321302	0.3
34.28125	70.6354337	0.3
34.4375	70.99026362	0.3
34.59375	70.97060743	0.3
34.75	70.62132896	0.3
34.90625	70.9113702	0.3
35.0625	70.99486796	0.3
35.21875	70.84511722	0.3
35.375	70.68090067	0.3
35.53125	70.68768856	0.3
35.6875	70.28278754	0.3
35.84375	70.53051543	0.3
36	70.55328927	0.3
36.15625	70.55826957	0.3
36.3125	70.43887724	0.3
36.46875	69.92848298	0.3
36.625	70.42501564	0.3
36.78125	69.81635156	0.3
36.9375	70.0833987	0.3
37.09375	70.04002777	0.3
37.25	69.8192797	0.3
37.40625	70.26421436	0.3
37.5625	70.17909499	0.3
37.71875	70.02242048	0.3
37.875	69.75870618	0.3
38.03125	69.93370546	0.3
38.1875	69.82493497	0.3
38.34375	69.63174437	0.3
38.5	69.22085691	0.3
38.65625	69.55072372	0.3
38.8125	69.16018567	0.3
38.96875	69.52106969	0.3
39.125	69.4684204	0.3
39.28125	69.48735205	0.3
39.4375	69.42677864	0.3
39.59375	69.28289199	0.3
39.75	69.21294214	0.3
39.90625	69.30144478	0.3
40.0625	69.24548176	0.3
40.21875	69.12903252	0.3
40.375	69.06046288	0.3
40.53125	69.11922851	0.3
40.6875	68.94796255	0.3
40.84375	68.84923343	0.3
41	69.00531323	0.3
41.15625	68.77987624	0.3
41.3125	68.60972926	0.3
41.46875	69.0030238	0.3
41.625	69.04163928	0.3
41.78125	68.82750915	0.3
41.9375	68.57039113	0.3
42.09375	68.59962403	0.3
42.25	68.46787065	0.3
42.40625	68.40610157	0.3
42.5625	68.49807159	0.3
42.71875	68.40341286	0.3
42.875	68.62334789	0.3
43.03125	68.14497536	0.3
43.1875	68.10373837	0.3
43.34375	67.69618306	0.3
43.5	67.98361923	0.3
43.65625	68.42020881	0.3
43.8125	68.07353595	0.3
43.96875	68.09149952	0.3
44.125	67.83035506	0.3
44.28125	67.58167558	0.3
44.4375	67.73942437	0.3
44.59375	67.81356652	0.3
44.75	67.72733474	0.3
44.90625	67.50946883	0.3
45.0625	68.0829166	0.3
45.21875	67.34344133	0.3
45.375	67.64800223	0.3
45.53125	67.31303235	0.3
45.6875	67.40874533	0.3
45.84375	67.36241515	0.3
46	67.31066192	0.3
46.15625	67.76881301	0.3
46.3125	67.33793686	0.3
46.46875	67.12938767	0.3
46.625	67.63031658	0.3
46.78125	67.10868244	0.3
46.9375	66.97446217	0.3
47.09375	66.91341658	0.3
47.25	66.9028872	0.3
47.40625	66.96652831	0.3
47.5625	66.83263143	0.3
47.71875	66.81682152	0.3
47.875	66.78203624	0.3
48.03125	66.6897567	0.3
48.1875	66.53330558	0.3
48.34375	66.25199014	0.3
48.5	66.59675853	0.3
48.65625	66.11377509	0.3
48.8125	66.57873107	0.3
48.96875	66.34773331	0.3
49.125	66.43004233	0.3
49.28125	66.36078538	0.3
49.4375	66.43611639	0.3
49.60938	66.59414132	0.3
49.76563	66.32999484	0.3
49.92188	66.28612677	0.3
50.07813	66.16979223	0.3
50.23438	65.85471107	0.3
50.39063	65.98219781	0.3
50.54688	66.00663295	0.3
50.71875	66.10195797	0.3
50.89063	65.88964664	0.3
51.0625	65.56560599	0.3
51.23438	65.83379492	0.3
51.40625	65.82968514	0.3
51.57813	65.56266901	0.3
51.75	65.45977158	0.3
51.92188	65.07554409	0.3
52.09375	65.50280497	0.3
52.26563	64.86520774	0.3
52.4375	65.45215594	0.3
52.60938	65.46966952	0.3
52.78125	65.44327436	0.3
52.95313	65.17012004	0.3
53.125	65.12737494	0.3
53.29688	65.15410955	0.3
53.46875	64.57760495	0.3
53.64063	65.06561635	0.3
53.8125	65.15696918	0.3
53.98438	64.94901578	0.3
54.15625	65.36725448	0.3
54.32813	65.18736338	0.3
54.5	64.83514276	0.3
54.67188	64.40256898	0.3
54.84375	64.58367181	0.3
55.01563	64.67954422	0.3
55.1875	64.52889223	0.3
55.35938	64.63248501	0.3
55.53125	64.4297189	0.3
55.70313	64.42497588	0.3
55.875	64.56291853	0.3
56.04688	64.23440352	0.3
56.21875	64.40137741	0.3
56.39063	64.30060807	0.3
56.5625	64.38018797	0.3
56.73438	64.30965873	0.3
56.90625	63.99746067	0.3
57.07813	64.0928636	0.3
57.25	63.81552446	0.3
57.42188	64.1253631	0.3
57.59375	63.49856208	0.3
57.76563	63.87477117	0.3
57.9375	63.89283523	0.3
58.10938	63.36589742	0.3
58.28125	63.76253512	0.3
58.45313	63.83378383	0.3
58.625	64.21713938	0.3
58.79688	63.53695516	0.3
58.96875	63.53842971	0.3
59.14063	63.58836335	0.3
59.3125	63.50523431	0.3
59.48438	63.05008751	0.3
59.65625	63.41156491	0.3
59.82813	63.4375036	0.3
60	63.33287319	0.3
60.17188	63.41726225	0.3
60.34375	63.33988401	0.3
60.51563	63.07856061	0.3
60.6875	63.20864475	0.3
60.85938	63.12093131	0.3
61.03125	63.06251984	0.3
61.20313	63.0024355	0.3
61.375	63.0272776	0.3
61.54688	63.01431682	0.3
61.71875	62.82041821	0.3
61.89063	62.82169849	0.3
62.0625	62.90731845	0.3
62.23438	62.67304538	0.3
62.40625	62.7833291	0.3
62.57813	62.63477798	0.3
62.75	62.73046602	0.3
62.92188	62.55945065	0.3
63.09375	62.51124742	0.3
63.26563	62.41435979	0.3
63.4375	62.40907978	0.3
63.60938	62.48973177	0.3
63.78125	62.42424417	0.3
63.95313	62.29368996	0.3
64.125	62.35486272	0.3
64.29688	62.12702162	0.3
64.46875	62.16426968	0.3
64.64063	62.15497068	0.3
64.8125	62.07565367	0.3
64.98438	61.99233592	0.3
65.15625	61.91156999	0.3
65.32813	62.02144319	0.3
65.5	62.08194704	0.3
65.67188	61.74623338	0.3
65.84375	61.74490127	0.3
66.01563	61.69450366	0.3
66.1875	61.28488912	0.3
66.35938	61.80344942	0.3
66.53125	61.66588773	0.3
66.70313	61.56370319	0.3
66.875	61.56163032	0.3
67.04688	61.55682796	0.3
67.21875	61.64307395	0.3
67.39063	61.56446487	0.3
67.5625	61.44745048	0.3
67.73438	61.39258603	0.3
67.90625	61.3955949	0.3
68.07813	61.54660397	0.3
68.25	61.21269048	0.3
68.42188	61.33864164	0.3
68.59375	61.17581074	0.3
68.76563	61.1178109	0.3
68.9375	61.01806961	0.3
69.10938	61.11976944	0.3
69.28125	61.13910774	0.3
69.45313	60.85499114	0.3
69.625	60.82713495	0.3
69.79688	60.78966366	0.3
69.96875	61.17026064	0.3
70.14063	60.76255913	0.3
70.3125	60.74916254	0.3
70.48438	60.63736148	0.3
70.65625	60.77702439	0.3
70.82813	60.30565567	0.3
71	60.80026175	0.3
71.17188	60.5432357	0.3
71.34375	60.47508009	0.3
71.51563	60.45817428	0.3
71.6875	60.49231062	0.3
71.85938	60.53547565	0.3
72.03125	60.41486394	0.3
72.20313	60.63431871	0.3
72.375	60.25156436	0.3
72.54688	60.12198537	0.3
72.73438	60.2037957	0.3
72.92188	60.05932781	0.3
73.09375	60.10798491	0.3
73.28125	60.06141444	0.3
73.46875	60.16308942	0.3
73.65625	59.9518577	0.3
73.84375	59.78959678	0.3
74.03125	60.27603335	0.3
74.21875	59.54342621	0.3
74.40625	59.70947614	0.3
74.59375	59.8212012	0.3
74.78125	60.26482808	0.3
74.96875	59.09114028	0.3
75.15625	59.53887058	0.3
75.34375	59.4863141	0.3
75.53125	59.51152027	0.3
75.71875	59.26539895	0.3
75.90625	59.76610058	0.3
76.09375	59.33415449	0.3
76.28125	59.32755262	0.3
76.46875	59.33911384	0.3
76.65625	59.24235631	0.3
76.84375	59.11818661	0.3
77.03125	59.28580123	0.3
77.21875	59.53520874	0.3
77.40625	59.23542815	0.3
77.59375	59.52417213	0.3
77.78125	59.30936531	0.3
77.96875	58.70180674	0.3
78.15625	59.06693116	0.3
78.34375	59.00880377	0.3
78.53125	58.86192983	0.3
78.71875	58.14243365	0.3
78.90625	58.68594403	0.3
79.09375	58.68791786	0.3
79.28125	58.71132616	0.3
79.46875	58.80068198	0.3
79.65625	58.52975004	0.3
79.84375	58.42754028	0.3
80.03125	58.59340896	0.3
80.21875	58.47566617	0.3
80.40625	58.55956097	0.3
80.59375	58.69902414	0.3
80.78125	58.35757937	0.3
80.96875	58.39851293	0.3
81.15625	58.22941835	0.3
81.34375	58.18451447	0.3
81.53125	58.31353922	0.3
81.71875	58.1724558	0.3
81.90625	57.81126904	0.3
82.09375	57.99484708	0.3
82.28125	57.84185709	0.3
82.46875	58.32341435	0.3
82.65625	58.00108635	0.3
82.84375	57.68528907	0.3
83.03125	57.91138227	0.3
83.21875	57.65221541	0.3
83.40625	57.89246433	0.3
83.59375	57.73172398	0.3
83.78125	57.55502068	0.3
83.96875	57.53579869	0.3
84.15625	57.82316125	0.3
84.34375	58.08107954	0.3
84.53125	57.50959361	0.3
84.71875	57.4076846	0.3
84.90625	57.45757098	0.3
85.09375	57.43970244	0.3
85.28125	56.59632116	0.3
85.46875	57.22860608	0.3
85.65625	57.08096606	0.3
85.84375	57.28932787	0.3
86.03125	57.234814	0.3
86.21875	56.44926107	0.3
86.40625	57.04964946	0.3
86.59375	57.50258213	0.3
86.78125	57.10970174	0.3
86.96875	56.99223917	0.3
87.15625	56.93276441	0.3
87.34375	56.85590818	0.3
87.53125	56.97318076	0.3
87.71875	56.7651486	0.3
87.90625	57.21752602	0.3
88.09375	56.75494587	0.3
88.28125	56.75302853	0.3
88.46875	56.64348546	0.3
88.65625	56.73360686	0.3
88.84375	56.6294641	0.3
89.03125	56.41716656	0.3
89.21875	56.50204939	0.3
89.40625	56.46761465	0.3
89.59375	55.61349651	0.3
89.78125	56.55447049	0.3
89.96875	56.2498527	0.3
90.15625	55.86222687	0.3
90.34375	56.25833687	0.3
90.53125	56.10329522	0.3
90.71875	56.26896982	0.3
90.90625	56.16014658	0.3
91.09375	56.32080466	0.3
91.28125	56.25994975	0.3
91.46875	56.01061189	0.3
91.65625	56.0503498	0.3
91.84375	55.2894093	0.3
92.03125	55.66900431	0.3
92.21875	55.755905	0.3
92.40625	55.84234132	0.3
92.59375	55.91477946	0.3
92.78125	55.80482914	0.3
92.96875	55.71194416	0.3
93.15625	55.92184925	0.3
93.34375	55.6053984	0.3
93.53125	55.47289467	0.3
93.71875	54.93812138	0.3
93.90625	55.72724596	0.3
94.09375	55.68678805	0.3
94.28125	54.76237148	0.3
94.46875	55.35656331	0.3
94.65625	55.75307363	0.3
94.84375	55.45050145	0.3
95.03125	55.3732675	0.3
95.21875	55.490986	0.3
95.40625	55.64245255	0.3
95.59375	55.22590783	0.3
95.78125	55.36961147	0.3
95.98438	55.08065017	0.3
96.17188	55.10689877	0.3
96.35938	54.98772966	0.3
96.54688	54.93945419	0.3
96.73438	54.93012094	0.3
96.9375	54.97282569	0.3
97.14063	54.79590563	0.3
97.34375	55.10395312	0.3
97.53125	54.75764695	0.3
97.73438	54.98458838	0.3
97.92188	54.77012467	0.3
98.125	54.47810951	0.3
98.32813	54.66579485	0.3
98.53125	54.46331563	0.3
98.73438	54.76951708	0.3
98.9375	54.48705062	0.3
99.14063	54.45410139	0.3
99.34375	54.47664637	0.3
99.54688	54.40214611	0.3
99.75	54.44109156	0.3
99.95313	54.3179618	0.3
100.1563	54.23410211	0.3
100.3594	54.18809171	0.3
100.5625	54.1176984	0.3
100.7656	54.3243445	0.3
100.9688	54.04360153	0.3
101.1719	54.13834907	0.3
101.375	53.93645347	0.3
101.5781	53.89245242	0.3
101.7813	54.12984116	0.3
101.9844	54.43219764	0.3
102.1875	53.87005453	0.3
102.3906	53.86351624	0.3
102.5938	53.82652084	0.3
102.7969	53.85794113	0.3
103	53.99020175	0.3
103.2031	53.66071627	0.3
103.4063	53.91130888	0.3
103.6094	53.78695566	0.3
103.8125	53.71531691	0.3
104.0156	53.5053375	0.3
104.2188	53.3746519	0.3
104.4219	53.38412421	0.3
104.625	53.57497535	0.3
104.8281	53.86928574	0.3
105.0313	53.9707202	0.3
105.2344	53.44051951	0.3
105.4375	53.22005435	0.3
105.6406	53.39174499	0.3
105.8438	53.38367027	0.3
106.0469	52.79829272	0.3
106.25	53.57954163	0.3
106.4531	52.94070181	0.3
106.6563	52.90617488	0.3
106.8594	52.79894191	0.3
107.0625	53.0233507	0.3
107.2656	52.60245942	0.3
107.4688	52.1833925	0.3
107.6719	52.76246762	0.3
107.875	52.96228025	0.3
108.0781	52.8495171	0.3
108.2813	52.69189388	0.3
108.4844	52.89712979	0.3
108.6875	52.67495482	0.3
108.8906	52.51023112	0.3
109.0938	52.70886963	0.3
109.2969	52.65705618	0.3
109.5	52.3824168	0.3
109.7031	53.04330541	0.3
109.9063	52.63311785	0.3
110.1094	52.37405772	0.3
110.3125	52.58160021	0.3
110.5156	52.2627453	0.3
110.7188	52.31222062	0.3
110.9219	52.36074661	0.3
111.125	52.25183017	0.3
111.3281	52.39607493	0.3
111.5313	51.80564167	0.3
111.7344	51.82720326	0.3
111.9375	52.07069268	0.3
112.1406	51.92054662	0.3
112.3438	51.24912081	0.3
112.5469	52.00198336	0.3
112.75	51.87173993	0.3
112.9531	51.76245428	0.3
113.1563	51.56072778	0.3
113.3594	51.92529084	0.3
113.5625	51.68386811	0.3
113.7656	52.01680419	0.3
113.9688	51.13004975	0.3
114.1719	51.66447532	0.3
114.375	52.22150843	0.3
114.5781	51.68425467	0.3
114.7813	51.29769653	0.3
114.9844	51.51667368	0.3
115.1875	51.51227255	0.3
115.3906	50.58502207	0.3
115.5938	51.4986517	0.3
115.7969	51.22198667	0.3
116	51.90278048	0.3
116.2031	51.37926755	0.3
116.4063	51.4034675	0.3
116.6094	51.3003436	0.3
116.8125	51.13831173	0.3
117.0156	51.30935841	0.3
117.2188	51.70108392	0.3
117.4219	51.00078149	0.3
117.625	50.94306616	0.3
117.8281	50.98316112	0.3
118.0313	51.26635868	0.3
118.2344	50.28020051	0.3
118.4375	51.08740217	0.3
118.6406	51.0377574	0.3
118.8438	50.97934637	0.3
119.0469	50.77403782	0.3
119.25	50.30363707	0.3
119.4531	50.77291887	0.3
119.6563	50.69268991	0.3
119.8594	50.81986069	0.3
120.0625	50.55240119	0.3
120.2656	50.50032271	0.3
120.4688	50.54550396	0.3
120.6719	50.68253838	0.3
120.875	50.66201336	0.3
121.0781	50.4728902	0.3
121.2813	50.54557095	0.3
121.4844	50.86313792	0.3
121.7031	50.45653032	0.3
121.9063	49.69580687	0.3
122.125	50.23177124	0.3
122.3281	50.23094681	0.3
122.5313	50.31201031	0.3
122.7344	50.24996308	0.3
122.9375	50.22269341	0.3
123.1406	50.1541723	0.3
123.3438	50.03117136	0.3
123.5469	49.98828177	0.3
123.75	50.48383655	0.3
123.9531	50.01811234	0.3
124.1563	49.92659688	0.3
124.3594	50.58157911	0.3
124.5625	49.80419003	0.3
124.7813	49.85256959	0.3
125	49.86873617	0.3
125.2031	49.67194922	0.3
125.4219	49.63258977	0.3
125.6406	49.90500797	0.3
125.8594	49.50843955	0.3
126.0781	49.772949	0.3
126.2969	49.57226124	0.3
126.5156	49.74819403	0.3
126.7344	49.44800621	0.3
126.9531	49.03886866	0.3
127.1719	49.324145	0.3
127.3906	49.55364996	0.3
127.6094	49.5607534	0.3
127.8281	49.51856715	0.3
128.0469	49.58688587	0.3
128.2656	49.27294352	0.3
128.4844	48.96143991	0.3
128.7031	49.29369893	0.3
128.9219	49.26836221	0.3
129.1406	48.47173901	0.3
129.3594	49.01916798	0.3
129.5781	49.07078381	0.3
129.7969	48.99324156	0.3
130.0156	48.88379179	0.3
130.2344	49.49732078	0.3
130.4531	48.94955922	0.3
130.6719	49.07157429	0.3
130.8906	48.95648168	0.3
131.1094	48.8943535	0.3
131.3281	49.10742323	0.3
131.5469	48.95542285	0.3
131.7656	48.88060929	0.3
131.9844	48.71513937	0.3
132.2031	49.10342306	0.3
132.4219	48.9081509	0.3
132.6406	48.57038676	0.3
132.8594	48.82230635	0.3
133.0781	48.7682001	0.3
133.2969	49.03890023	0.3
133.5156	48.433617	0.3
133.7344	48.59136223	0.3
133.9531	48.39968364	0.3
134.1719	48.43754032	0.3
134.3906	48.11270589	0.3
134.6094	48.18058477	0.3
134.8281	48.3431866	0.3
135.0469	48.31739703	0.3
135.2656	47.51411045	0.3
135.4844	47.48310733	0.3
135.7031	48.48478222	0.3
135.9219	48.22713844	0.3
136.1406	48.434124	0.3
136.3594	48.26090855	0.3
136.5781	48.52738773	0.3
136.7969	48.01408547	0.3
137.0156	47.883587	0.3
137.2344	47.93535928	0.3
137.4531	48.2681652	0.3
137.6719	47.29572612	0.3
137.8906	48.02002699	0.3
138.1094	47.95252455	0.3
138.3281	48.03547886	0.3
138.5469	47.9493406	0.3
138.7656	47.23745413	0.3
138.9844	46.98475489	0.3
139.2031	47.75901137	0.3
139.4219	47.58583736	0.3
139.6406	47.60324575	0.3
139.8594	47.67650381	0.3
140.0781	47.5453302	0.3
140.2969	47.62319034	0.3
140.5156	47.37359922	0.3
140.7344	47.16874885	0.3
140.9531	47.2155983	0.3
141.1719	47.79485173	0.3
141.3906	47.46726371	0.3
141.6094	47.51807365	0.3
141.8281	47.47193604	0.3
142.0469	47.57518284	0.3
142.2656	47.41448748	0.3
142.4844	47.14241084	0.3
142.7031	47.37907763	0.3
142.9219	47.05942858	0.3
143.1406	46.76349701	0.3
143.3594	47.09822755	0.3
143.5781	47.35262815	0.3
143.7969	47.47250716	0.3
144.0156	47.68007583	0.3
144.2344	47.01021458	0.3
144.4531	46.97569757	0.3
144.6719	46.88314188	0.3
144.8906	46.77109523	0.3
145.1094	46.82277929	0.3
145.3281	46.92105793	0.3
145.5469	47.0034943	0.3
145.7656	46.79875521	0.3
145.9844	46.74971567	0.3
146.2031	46.93488281	0.3
146.4219	46.60983291	0.3
146.6406	46.79546868	0.3
146.8594	46.76356834	0.3
147.0781	46.69040119	0.3
147.2969	47.2429123	0.3
147.5156	46.69900688	0.3
147.7344	46.53598266	0.3
147.9531	46.06279875	0.3
148.1719	46.65900603	0.3
148.3906	46.58432228	0.3
148.6094	46.67348813	0.3
148.8281	46.51735131	0.3
149.0469	47.05788857	0.3
149.2656	46.40790244	0.3
149.4844	46.41386089	0.3
149.7031	46.29688557	0.3
149.9219	45.99561852	0.3
150.1406	46.18604936	0.3
150.3594	46.11744801	0.3
150.5781	46.12488667	0.3
150.7969	46.06209806	0.3
151.0156	46.37662857	0.3
151.2344	46.10397463	0.3
151.4531	46.41564851	0.3
151.6719	45.95299996	0.3
151.8906	46.19436163	0.3
152.1094	46.1859418	0.3
152.3438	46.16728096	0.3
152.5781	45.75645464	0.3
152.8125	45.98686927	0.3
153.0469	46.77365499	0.3
153.2656	45.20050043	0.3
153.5	46.13685392	0.3
153.7344	45.96326428	0.3
153.9688	46.10439791	0.3
154.2031	45.95099354	0.3
154.4375	45.70157039	0.3
154.6719	45.72421878	0.3
154.8906	44.7681975	0.3
155.125	45.64059064	0.3
155.3594	45.47935545	0.3
155.5938	44.83784661	0.3
155.8281	45.42766263	0.3
156.0625	45.76053804	0.3
156.2969	45.41428865	0.3
156.5313	45.28595707	0.3
156.7656	45.57210293	0.3
157	45.45086123	0.3
157.2344	44.53558389	0.3
157.4688	44.86389699	0.3
157.7031	45.79799153	0.3
157.9375	45.50471746	0.3
158.1719	45.10926434	0.3
158.4063	45.11724166	0.3
158.6406	45.39761232	0.3
158.875	45.24142953	0.3
159.1094	45.25677194	0.3
159.3438	45.21988714	0.3
159.5781	45.42945508	0.3
159.8125	45.45044741	0.3
160.0469	44.95783685	0.3
160.2813	45.08456567	0.3
160.5156	45.28556466	0.3
160.75	44.90226624	0.3
160.9844	45.16793626	0.3
161.2188	45.3311759	0.3
161.4531	44.70843936	0.3
161.6875	45.11528184	0.3
161.9219	45.02894522	0.3
162.1563	44.76425256	0.3
162.3906	44.7546938	0.3
162.625	45.17925166	0.3
162.8594	44.87393008	0.3
163.0938	44.78614993	0.3
163.3281	44.89855416	0.3
163.5625	45.44275071	0.3
163.7969	44.50600831	0.3
164.0313	44.7404066	0.3
164.2656	44.76451727	0.3
164.5	44.66437703	0.3
164.7344	44.68527852	0.3
164.9688	44.61271668	0.3
165.2031	44.68443434	0.3
165.4375	44.61146189	0.3
165.6719	44.52360768	0.3
165.9063	44.5716247	0.3
166.1406	43.7697849	0.3
166.375	44.4090441	0.3
166.6094	44.37420739	0.3
166.8438	44.23593725	0.3
167.0781	44.39055288	0.3
167.3125	44.19973019	0.3
167.5469	43.61911728	0.3
167.7813	44.26334524	0.3
168.0156	44.65309809	0.3
168.25	44.24097395	0.3
168.4844	43.54097236	0.3
168.7188	44.51582083	0.3
168.9531	44.09270345	0.3
169.1875	44.01311113	0.3
169.4219	44.1408057	0.3
169.6563	44.21106653	0.3
169.8906	43.11618251	0.3
170.125	44.2650063	0.3
170.3594	43.95967165	0.3
170.5938	43.83351275	0.3
170.8281	43.94705347	0.3
171.0625	43.89388323	0.3
171.2969	43.82987954	0.3
171.5313	43.78805479	0.3
171.7656	43.95478423	0.3
172	43.03400472	0.3
172.2344	43.77514483	0.3
172.4688	43.6265049	0.3
172.7031	44.09534402	0.3
172.9375	43.35380844	0.3
173.1719	43.76138653	0.3
173.4063	43.61929813	0.3
173.6406	43.50320065	0.3
173.875	43.79616887	0.3
174.1094	43.44313784	0.3
174.3438	43.79300201	0.3
174.5781	43.63448757	0.3
174.8125	43.54922733	0.3
175.0469	43.45305259	0.3
175.2813	43.55544698	0.3
175.5156	43.32058344	0.3
175.75	43.89531707	0.3
175.9844	43.38264165	0.3
176.2188	43.64195167	0.3
176.4531	43.30778956	0.3
176.6875	42.96917994	0.3
176.9219	43.68791897	0.3
177.1563	42.29142175	0.3
177.3906	43.4550206	0.3
177.625	43.2087908	0.3
177.8594	42.93651224	0.3
178.0938	43.10186274	0.3
178.3281	43.52122552	0.3
178.5625	43.13462132	0.3
178.7969	43.53113888	0.3
179.0313	43.08174633	0.3
179.2656	43.07581924	0.3
179.5	43.50275841	0.3
179.7344	42.85960437	0.3
179.9844	43.28416928	0.3
180.2188	42.90244078	0.3
180.4531	42.93173267	0.3
180.7031	43.06432027	0.3
180.9375	43.12870753	0.3
181.1719	42.86491633	0.3
181.4063	42.89888564	0.3
181.6406	42.824955	0.3
181.875	42.92959834	0.3
182.125	43.34691621	0.3
182.3594	42.91086486	0.3
182.5938	42.68181639	0.3
182.8281	42.78888669	0.3
183.0781	42.73741602	0.3
183.3125	42.84618615	0.3
183.5469	43.32177134	0.3
183.7813	42.93625908	0.3
184.0313	42.76366847	0.3
184.2656	42.96553419	0.3
184.5156	42.88072658	0.3
184.7656	42.80296329	0.3
185	42.66505765	0.3
185.25	42.55928078	0.3
185.5	42.39417074	0.3
185.7344	42.27320882	0.3
185.9844	43.19772448	0.3
186.2344	42.16060108	0.3
186.4844	42.4266733	0.3
186.7344	42.41321948	0.3
186.9844	42.25920346	0.3
187.2344	41.5344921	0.3
187.4844	42.2712508	0.3
187.7344	41.49462701	0.3
187.9844	41.33952177	0.3
188.2344	42.46592294	0.3
188.4844	42.74821914	0.3
188.7344	42.48109919	0.3
188.9844	42.22822938	0.3
189.2344	41.4792137	0.3
189.4844	42.13647527	0.3
189.7344	41.95707834	0.3
189.9844	42.10148072	0.3
190.2344	42.042315	0.3
190.4844	42.11985791	0.3
190.7344	40.98058706	0.3
190.9844	41.75653627	0.3
191.2344	41.99753217	0.3
191.4844	41.96419767	0.3
191.7344	41.74752401	0.3
191.9844	41.91415616	0.3
192.2344	41.91726131	0.3
192.4844	41.73819675	0.3
192.7344	41.91293708	0.3
192.9844	41.78811048	0.3
193.2344	41.96660339	0.3
193.4844	41.60357052	0.3
193.7344	41.62044509	0.3
193.9844	41.64453473	0.3
194.2344	41.68468056	0.3
194.4844	41.5995165	0.3
194.7344	42.31493248	0.3
194.9844	42.13446761	0.3
195.2344	42.11991117	0.3
195.4844	41.47137279	0.3
195.7344	41.83479598	0.3
195.9844	41.65677136	0.3
196.2344	42.3954422	0.3
196.4844	41.35625959	0.3
196.7344	42.36263507	0.3
196.9844	41.70844789	0.3
197.2344	41.57049397	0.3
197.4844	41.44402759	0.3
197.7344	41.89392882	0.3
197.9844	40.53135964	0.3
198.2344	41.29508249	0.3
198.4844	41.42853264	0.3
198.7344	40.62877705	0.3
198.9844	42.05176278	0.3
199.2344	41.54494151	0.3
199.4844	41.35065546	0.3
199.7344	41.35572325	0.3
199.9844	41.0796209	0.3
200.2344	41.09699441	0.3
200.4844	41.02414501	0.3
200.7344	41.0856405	0.3
200.9844	41.15695999	0.3
201.2344	40.31711422	0.3
201.4844	41.11615172	0.3
201.7344	41.7783961	0.3
201.9844	41.18358786	0.3
202.2344	41.0305432	0.3
202.4844	40.86549888	0.3
202.7344	41.06252536	0.3
202.9844	40.31453209	0.3
203.2344	41.41611966	0.3
203.4844	40.91061774	0.3
203.7344	40.88900329	0.3
203.9844	41.00111722	0.3
204.2344	40.72563925	0.3
204.4844	40.7275092	0.3
204.7344	40.25664387	0.3
204.9844	40.76029362	0.3
205.2344	40.80091206	0.3
205.4844	40.87950538	0.3
205.7344	40.70733439	0.3
205.9844	40.58442808	0.3
206.2344	40.8937421	0.3
206.4844	40.8743423	0.3
206.7344	40.43764296	0.3
206.9844	41.41527727	0.3
207.2344	40.9463565	0.3
207.4844	40.85089434	0.3
207.7344	40.49033453	0.3
207.9844	39.6786591	0.3
208.2344	40.57217907	0.3
208.4844	40.85449736	0.3
208.7344	40.30220796	0.3
208.9844	40.63697192	0.3
209.2344	40.61864853	0.3
209.4844	40.28345035	0.3
209.7344	40.40564955	0.3
209.9844	41.12794859	0.3
210.2344	40.03053879	0.3
210.4844	40.28585928	0.3
210.7344	40.03661646	0.3
210.9844	40.49460041	0.3
211.2344	40.43215079	0.3
211.4844	40.26081697	0.3
211.7344	40.37624709	0.3
211.9844	39.45910169	0.3
212.2344	40.23196799	0.3
212.4844	40.97930842	0.3
212.7344	40.14382618	0.3
212.9844	40.38021296	0.3
213.2344	39.78680497	0.3
213.4844	40.04120742	0.3
213.7344	40.08573532	0.3
213.9844	40.18638889	0.3
214.2344	39.95910186	0.3
214.4844	40.52222313	0.3
214.75	40.65536462	0.3
215	40.22285689	0.3
215.25	38.99812658	0.3
215.5156	39.84625208	0.3
215.7813	40.07037332	0.3
216.0313	39.9393049	0.3
216.2813	40.21027005	0.3
216.5313	40.38315526	0.3
216.7969	39.9348042	0.3
217.0625	39.97529342	0.3
217.3281	39.57309925	0.3
217.5781	39.83460315	0.3
217.8281	40.01313062	0.3
218.0938	39.75546334	0.3
218.3594	39.85894641	0.3
218.625	39.61350818	0.3
218.8906	39.22387587	0.3
219.1563	39.60900889	0.3
219.4219	38.84449479	0.3
219.6875	39.10283398	0.3
219.9531	39.73086569	0.3
220.2188	38.5583001	0.3
220.4844	40.08519424	0.3
220.75	39.51701519	0.3
221.0156	39.61676279	0.3
221.2656	39.51894488	0.3
221.5313	39.97857839	0.3
221.7969	39.29552949	0.3
222.0625	39.27615098	0.3
222.3281	38.25920688	0.3
222.5938	39.54510718	0.3
222.8594	38.67714088	0.3
223.125	39.21298129	0.3
223.3906	39.21450365	0.3
223.6563	40.04258587	0.3
223.9219	39.31285706	0.3
224.1875	39.22718622	0.3
224.4531	39.64161383	0.3
224.7188	39.2101988	0.3
224.9844	39.36638829	0.3
225.25	39.37543902	0.3
225.5156	39.22340278	0.3
225.7813	39.32507554	0.3
226.0469	39.98957692	0.3
226.3125	39.14291051	0.3
226.5781	39.11887678	0.3
226.8438	38.94398567	0.3
227.1094	39.12336984	0.3
227.375	39.11252498	0.3
227.6406	39.36506205	0.3
227.9063	38.99448633	0.3
228.1719	38.99539164	0.3
228.4375	38.86159984	0.3
228.7031	38.95129088	0.3
228.9688	39.92908749	0.3
229.2344	39.00227191	0.3
229.5	38.9508877	0.3
229.7656	39.6466709	0.3
230.0313	38.95938866	0.3
230.2969	38.89255582	0.3
230.5625	38.55950144	0.3
230.8281	38.98302639	0.3
231.0938	37.87083154	0.3
231.3594	38.45689362	0.3
231.625	38.55441453	0.3
231.8906	38.53438044	0.3
232.1563	38.53433727	0.3
232.4219	38.62866058	0.3
232.6875	39.31798997	0.3
232.9531	38.66754092	0.3
233.2188	39.02769213	0.3
233.4844	38.40884345	0.3
233.75	38.10820334	0.3
234.0156	38.23241394	0.3
234.2813	37.12632177	0.3
234.5469	38.45970886	0.3
234.8125	38.51626704	0.3
235.0781	38.539587	0.3
235.3438	38.54045497	0.3
235.6094	38.5108134	0.3
235.875	38.48454902	0.3
236.1406	37.68435235	0.3
236.4063	38.4918152	0.3
236.6719	38.03963459	0.3
236.9375	38.27952472	0.3
237.2031	38.80473763	0.3
237.4688	38.33771211	0.3
237.7344	38.19706536	0.3
238	38.74971438	0.3
238.2656	39.14229298	0.3
238.5313	38.02277747	0.3
238.7969	36.98847041	0.3
239.0625	38.09533023	0.3
239.3281	38.25970102	0.3
239.5938	39.03124032	0.3
239.8594	37.3516049	0.3
240.125	36.66923661	0.3
240.3906	38.39104692	0.3
240.6563	37.62915714	0.3
240.9219	38.52096938	0.3
241.1875	36.61053351	0.3
241.4531	36.86754081	0.3
241.7188	37.8942813	0.3
241.9844	38.10579804	0.3
242.25	39.0162405	0.3
242.5156	38.61110921	0.3
242.7813	38.36357631	0.3
243.0469	37.71696293	0.3
243.3125	37.59365529	0.3
243.5781	38.51740843	0.3
243.8438	37.71947075	0.3
244.1094	37.52707879	0.3
244.375	37.6990759	0.3
244.6406	37.77862695	0.3
244.9063	38.00320438	0.3
245.1719	37.44469237	0.3
245.4375	37.97249033	0.3
245.7031	37.52555185	0.3
245.9688	37.39537634	0.3
246.2344	37.73616968	0.3
246.5	38.065603	0.3
246.7656	37.5959711	0.3
247.0313	37.93029251	0.3
247.2969	37.79870159	0.3
247.5625	37.40172208	0.3
247.8438	37.43654955	0.3
248.1094	37.62156405	0.3
248.375	37.66101757	0.3
248.6406	37.78192235	0.3
248.9063	37.69019283	0.3
249.1875	37.38341602	0.3
249.4531	37.23972095	0.3
249.7344	37.66452208	0.3
250.0156	37.79859168	0.3
250.2813	37.92748721	0.3
250.5469	36.61489212	0.3
250.8125	37.25570797	0.3
251.0781	37.19364811	0.3
251.3438	37.6855473	0.3
251.625	36.51060466	0.3
251.8906	37.09404965	0.3
252.1719	37.31950278	0.3
252.4375	37.0129552	0.3
252.7188	36.31319595	0.3
252.9844	37.03024585	0.3
253.2656	37.11302974	0.3
253.5469	36.89888087	0.3
253.8125	36.86916948	0.3
254.0781	35.6060315	0.3
254.3594	37.05636559	0.3
254.6406	36.99572618	0.3
254.9219	37.30686483	0.3
255.2031	36.70323436	0.3
255.4844	36.64915885	0.3
255.7656	36.87942253	0.3
256.0469	37.10080746	0.3
256.3125	37.01470663	0.3
256.5938	36.86991299	0.3
256.875	36.89232408	0.3
257.1563	36.81051554	0.3
257.4375	36.58815625	0.3
257.7188	36.78566529	0.3
258	36.89607318	0.3
258.2813	36.17372974	0.3
258.5625	36.00026848	0.3
258.8438	35.31699686	0.3
259.125	37.6164918	0.3
259.4063	37.08642958	0.3
259.6875	37.50534634	0.3
259.9688	36.8223263	0.3
260.25	35.62137887	0.3
260.5313	36.8546967	0.3
260.8125	36.82029869	0.3
261.0938	36.61104068	0.3
261.375	36.92538715	0.3
261.6563	36.53830642	0.3
261.9375	36.2993978	0.3
262.2188	37.45912412	0.3
262.5	36.34484498	0.3
262.7813	36.50344329	0.3
263.0625	36.94319447	0.3
263.3438	36.14174191	0.3
263.625	36.8711328	0.3
263.9063	36.29263033	0.3
264.1875	36.56473685	0.3
264.4688	36.22401549	0.3
264.75	35.15805059	0.3
265.0313	36.5713821	0.3
265.3125	35.94509094	0.3
265.5938	36.22606847	0.3
265.875	35.58375024	0.3
266.1563	36.33407986	0.3
266.4375	36.11114204	0.3
266.7188	36.73320567	0.3
267	36.13952771	0.3
267.2813	36.45235578	0.3
267.5625	36.13193435	0.3
267.8438	36.97770161	0.3
268.125	35.85484532	0.3
268.4063	36.27671162	0.3
268.6875	36.00318839	0.3
268.9688	34.59715205	0.3
269.25	36.02702338	0.3
269.5313	36.21833026	0.3
269.8125	35.00784414	0.3
270.0938	36.04048645	0.3
270.375	36.2384291	0.3
270.6563	35.01161351	0.3
270.9375	35.36145817	0.3
271.2188	35.86778105	0.3
271.5	36.18494027	0.3
271.7813	35.77961005	0.3
272.0625	36.16724729	0.3
272.3438	35.8760978	0.3
272.625	36.02349772	0.3
272.9063	35.98211307	0.3
273.1875	35.76039559	0.3
273.4688	36.58585087	0.3
273.75	35.65436991	0.3
274.0313	35.45960226	0.3
274.3125	35.85260623	0.3
274.5938	36.00265677	0.3
274.875	35.59816805	0.3
275.1563	36.5922692	0.3
275.4375	35.24831962	0.3
275.7188	36.44536276	0.3
276	35.53041924	0.3
276.2813	35.52245572	0.3
276.5625	35.5852864	0.3
276.8438	35.31351082	0.3
277.125	35.87547168	0.3
277.4063	35.22254052	0.3
277.6875	35.43537995	0.3
277.9688	35.79831784	0.3
278.25	33.99707473	0.3
278.5313	35.20198196	0.3
278.8125	35.18763193	0.3
279.0938	35.26156639	0.3
279.375	35.39759406	0.3
279.6563	35.61214274	0.3
279.9375	35.74540694	0.3
280.2188	35.40404984	0.3
280.5	35.388477	0.3
280.7813	35.35520538	0.3
281.0625	35.56789647	0.3
281.3438	35.138088	0.3
281.625	35.42129536	0.3
281.9063	35.44104021	0.3
282.1875	35.2481449	0.3
282.4688	35.27350995	0.3
282.75	35.00071401	0.3
283.0313	35.29966891	0.3
283.3125	35.39955376	0.3
283.5938	35.15385836	0.3
283.875	35.07516611	0.3
284.1563	35.74914833	0.3
284.4375	35.14249085	0.3
284.7188	35.95800934	0.3
285	34.89769926	0.3
285.2813	34.98457988	0.3
285.5625	35.82572227	0.3
285.8438	34.63338019	0.3
286.1406	34.71576726	0.3
286.4375	34.69087525	0.3
286.7344	35.02593886	0.3
287.0313	34.92950616	0.3
287.3125	35.20430779	0.3
287.5938	35.1106464	0.3
287.875	35.37029989	0.3
288.1563	34.95712567	0.3
288.4531	34.96767371	0.3
288.75	34.87902287	0.3
289.0313	35.52802732	0.3
289.3125	35.0324417	0.3
289.5938	35.18915668	0.3
289.8906	34.55092109	0.3
290.1875	35.76821347	0.3
290.4844	35.35774199	0.3
290.7813	34.54915782	0.3
291.0625	33.28254402	0.3
291.3594	34.89789799	0.3
291.6406	34.65353458	0.3
291.9219	34.55643628	0.3
292.2031	34.47589723	0.3
292.5	34.374254	0.3
292.7969	34.57182465	0.3
293.0938	34.28668013	0.3
293.3906	34.68420452	0.3
293.6875	34.10402722	0.3
293.9844	35.00320975	0.3
294.2813	34.37156723	0.3
294.5781	34.26551493	0.3
294.875	34.9424216	0.3
295.1719	34.54226032	0.3
295.4688	34.40608797	0.3
295.7656	34.80998099	0.3
296.0625	34.38343133	0.3
296.3594	34.25775567	0.3
296.6563	34.00404626	0.3
296.9531	34.46416206	0.3
297.25	34.37890685	0.3
297.5469	34.32035498	0.3
297.8438	34.17292278	0.3
298.1406	35.35911502	0.3
298.4375	35.37338902	0.3
298.7344	35.12324059	0.3
299.0313	34.10384812	0.3
299.3281	34.17327767	0.3
299.625	34.51439515	0.3
299.9219	34.20027797	0.3
300.2188	33.99477364	0.3
300.5156	34.0641941	0.3
300.8125	34.21133392	0.3
301.1094	34.27313652	0.3
301.4063	34.20652878	0.3
301.7031	33.13011919	0.3
302	33.92133032	0.3
302.2969	34.06798409	0.3
302.5938	33.92998132	0.3
302.8906	33.72229554	0.3
303.1875	34.3461586	0.3
303.4844	33.78052513	0.3
303.7813	34.27280701	0.3
304.0781	32.587772	0.3
304.375	33.92112501	0.3
304.6719	33.49610431	0.3
304.9688	33.938532	0.3
305.2656	33.13919836	0.3
305.5625	34.25450385	0.3
305.8594	33.586907	0.3
306.1563	33.64201386	0.3
306.4531	34.26954781	0.3
306.75	33.83060416	0.3
307.0469	33.68364967	0.3
307.3438	32.96237843	0.3
307.6406	34.01200506	0.3
307.9375	33.73159997	0.3
308.2344	33.85918728	0.3
308.5313	33.94383626	0.3
308.8281	32.21460382	0.3
309.125	33.56449371	0.3
309.4219	33.64073544	0.3
309.7188	33.76683099	0.3
310.0156	33.71643052	0.3
310.3125	33.7317089	0.3
310.6094	33.60202027	0.3
310.9063	33.5887447	0.3
311.2031	33.44949417	0.3
311.5	33.94037224	0.3
311.7969	33.89280201	0.3
312.0938	33.78263653	0.3
312.3906	33.56787749	0.3
312.6875	33.71420131	0.3
312.9844	33.5913795	0.3
313.2813	33.23052156	0.3
313.5781	34.09035925	0.3
313.875	33.78246227	0.3
314.1719	33.64943905	0.3
314.4688	32.84225503	0.3
314.7656	33.38823183	0.3
315.0625	33.36939342	0.3
315.3594	33.11707218	0.3
315.6563	33.09367592	0.3
315.9531	34.14454098	0.3
316.25	33.5651192	0.3
316.5469	34.36385763	0.3
316.8438	33.40625417	0.3
317.1406	31.59931162	0.3
317.4375	33.12611069	0.3
317.7344	33.7613478	0.3
318.0313	33.16475195	0.3
318.3281	34.08674515	0.3
318.625	33.24920675	0.3
318.9219	33.60061793	0.3
319.2188	33.42087168	0.3
319.5156	33.7098484	0.3
319.8125	33.10636833	0.3
320.1094	34.22575075	0.3
320.4063	33.1951789	0.3
320.7031	32.94823	0.3
321	33.17496463	0.3
321.2969	32.82237968	0.3
321.5938	32.9424025	0.3
321.8906	33.09780372	0.3
322.1875	31.17868989	0.3
322.4844	33.49011729	0.3
322.7813	33.34716595	0.3
323.0781	33.37914999	0.3
323.375	32.94206757	0.3
323.6719	33.12422173	0.3
323.9688	31.36875038	0.3
324.2656	32.9453838	0.3
324.5781	32.80172103	0.3
324.8906	33.02084203	0.3
325.1875	31.78123515	0.3
325.4844	33.26530007	0.3
325.7813	32.64029796	0.3
326.0781	32.39450991	0.3
326.375	33.14041663	0.3
326.6719	32.72546307	0.3
326.9844	33.77964217	0.3
327.2969	32.82250142	0.3
327.6094	32.85778106	0.3
327.9063	31.30827182	0.3
328.2031	33.10866844	0.3
328.5	33.06811408	0.3
328.8125	32.37722421	0.3
329.1094	31.11555915	0.3
329.4219	31.57091688	0.3
329.7188	32.75968733	0.3
330.0313	32.39635337	0.3
330.3438	32.50767479	0.3
330.6563	32.40063865	0.3
330.9531	32.52757474	0.3
331.2656	32.32986149	0.3
331.5781	32.45286945	0.3
331.8906	32.46976752	0.3
332.2031	32.6976693	0.3
332.5156	32.32384611	0.3
332.8281	32.99696666	0.3
333.1406	32.41498373	0.3
333.4375	32.17026984	0.3
333.75	32.74777773	0.3
334.0625	32.3965508	0.3
334.375	32.35242994	0.3
334.6875	31.9578003	0.3
335	32.51359201	0.3
335.3125	32.30250215	0.3
335.625	32.85735599	0.3
335.9375	32.73275682	0.3
336.25	32.63786062	0.3
336.5625	32.16990164	0.3
336.875	31.97625366	0.3
337.1875	32.01854356	0.3
337.5	31.9653273	0.3
337.8125	32.5219926	0.3
338.125	32.39336176	0.3
338.4375	32.55409321	0.3
338.75	31.9536091	0.3
339.0625	32.3066669	0.3
339.375	32.28371913	0.3
339.6875	30.34518421	0.3
340	30.69857343	0.3
340.3125	32.11660479	0.3
340.625	32.46346323	0.3
340.9375	31.76577433	0.3
341.25	31.93667876	0.3
341.5625	32.08307904	0.3
341.875	32.36078614	0.3
342.1875	31.93153033	0.3
342.5	31.97253001	0.3
342.8125	32.52489194	0.3
343.125	31.81092168	0.3
343.4375	30.44770346	0.3
343.75	32.46616552	0.3
344.0625	31.74013638	0.3
344.375	31.9941788	0.3
344.6875	30.48415485	0.3
345	29.97153654	0.3
345.3125	32.09280991	0.3
345.625	31.94632674	0.3
345.9375	31.74477603	0.3
346.25	32.04657341	0.3
346.5625	31.9456633	0.3
346.875	32.42301728	0.3
347.1875	31.971987	0.3
347.5	31.6701161	0.3
347.8125	31.79269945	0.3
348.125	31.49594266	0.3
348.4375	30.68252061	0.3
348.75	32.03248034	0.3
349.0625	31.54705001	0.3
349.375	30.52068154	0.3
349.6875	32.43855979	0.3
350	32.24642314	0.3
350.3125	30.07412706	0.3
350.625	31.41769557	0.3
350.9375	31.99296412	0.3
351.25	31.70091372	0.3
351.5625	31.77880866	0.3
351.875	30.90203341	0.3
352.1875	31.86477931	0.3
352.5	31.31234206	0.3
352.8125	32.35028034	0.3
353.125	32.38907545	0.3
353.4375	31.78515468	0.3
353.75	31.70112535	0.3
354.0625	31.84043771	0.3
354.375	29.58300625	0.3
354.6875	32.76207383	0.3
355	32.19094537	0.3
355.3125	31.01167671	0.3
355.625	31.33419674	0.3
355.9375	31.22397477	0.3
356.25	31.08929859	0.3
356.5625	30.01783652	0.3
356.875	31.22261502	0.3
357.1875	31.36219794	0.3
357.5	31.39059951	0.3
357.8125	29.47477489	0.3
358.125	30.16973101	0.3
358.4375	31.11059392	0.3
358.75	30.98894163	0.3
359.0625	31.020846	0.3
359.375	31.46014758	0.3
359.6875	31.27734578	0.3
360	31.16288014	0.3
360.3125	32.47809173	0.3
360.625	32.0192404	0.3
360.9375	30.85144997	0.3
361.25	31.23280214	0.3
361.5625	31.69537119	0.3
361.875	32.31640574	0.3
362.1875	30.83132572	0.3
362.5156	31.1033469	0.3
362.8281	30.93974686	0.3
363.1563	29.59996638	0.3
363.4688	29.59507451	0.3
363.7813	30.94060992	0.3
364.0938	31.3667579	0.3
364.4063	31.15296904	0.3
364.7188	31.39926462	0.3
365.0313	31.14228112	0.3
365.3438	29.33662792	0.3
365.6719	30.84989183	0.3
365.9844	31.18434712	0.3
366.3125	29.52525588	0.3
366.625	31.06061649	0.3
366.9531	31.11121965	0.3
367.2813	31.18618938	0.3
367.5938	30.84157816	0.3
367.9219	31.14870849	0.3
368.2344	30.72245484	0.3
368.5625	32.25665459	0.3
368.8906	31.02940785	0.3
369.2188	31.27237623	0.3
369.5469	30.33387185	0.3
369.8594	30.6345595	0.3
370.1719	31.0861771	0.3
370.5	31.10627173	0.3
370.8281	31.15588314	0.3
371.1563	30.45547937	0.3
371.4688	31.02216617	0.3
371.7969	31.37537776	0.3
372.125	30.61806685	0.3
372.4531	31.43088079	0.3
372.7813	30.80794021	0.3
373.1094	30.84887219	0.3
373.4375	30.62245773	0.3
373.7656	29.47327599	0.3
374.0938	31.16144258	0.3
374.4219	32.12407018	0.3
374.75	31.03155189	0.3
375.0781	31.22581784	0.3
375.4063	31.06751298	0.3
375.7344	31.13895948	0.3
376.0625	29.49833403	0.3
376.3906	30.71597751	0.3
376.7188	30.401359	0.3
377.0469	30.51265309	0.3
377.375	30.49546266	0.3
377.7031	30.3502035	0.3
378.0313	31.85417945	0.3
378.3594	30.68824072	0.3
378.6875	30.91200641	0.3
379.0156	29.09080201	0.3
379.3438	30.93665597	0.3
379.6719	30.42586477	0.3
380	30.49347419	0.3
380.3281	31.58399132	0.3
380.6563	30.77704333	0.3
380.9844	31.27695726	0.3
381.3125	30.21166193	0.3
381.6406	29.37435974	0.3
381.9688	30.5530711	0.3
382.2969	31.63958959	0.3
382.625	30.71825602	0.3
382.9531	29.52491929	0.3
383.2813	30.83788665	0.3
383.6094	30.75129479	0.3
383.9375	31.47913675	0.3
384.2656	30.3193879	0.3
384.5938	30.40630367	0.3
384.9219	28.62368228	0.3
385.25	30.73000484	0.3
385.5781	30.47883827	0.3
385.9063	30.48364107	0.3
386.2344	30.47176066	0.3
386.5625	30.53277895	0.3
386.8906	30.12468145	0.3
387.2188	30.36445353	0.3
387.5469	30.34889357	0.3
387.875	30.34300286	0.3
388.2031	29.92536091	0.3
388.5313	30.79535349	0.3
388.8594	30.34083084	0.3
389.1875	29.60063366	0.3
389.5156	31.32537745	0.3
389.8438	29.50199376	0.3
390.1719	29.02352797	0.3
390.5	30.28861363	0.3
390.8281	30.14817393	0.3
391.1563	30.49149152	0.3
391.4844	28.97730759	0.3
391.8125	29.89762023	0.3
392.1406	30.13103019	0.3
392.4688	30.99250835	0.3
392.7969	29.84751764	0.3
393.125	29.93741562	0.3
393.4531	30.03708922	0.3
393.7813	29.50750852	0.3
394.1094	31.47650798	0.3
394.4375	30.39280019	0.3
394.7656	29.15575737	0.3
395.0938	29.12228459	0.3
395.4219	29.73825835	0.3
395.75	30.41094162	0.3
396.0781	30.14420134	0.3
396.4063	29.54154608	0.3
396.7344	30.54525269	0.3
397.0625	29.58135147	0.3
397.3906	29.93798343	0.3
397.7188	30.22190348	0.3
398.0469	30.31775199	0.3
398.375	30.18042418	0.3
398.7031	29.86582377	0.3
399.0313	29.81169039	0.3
399.3594	29.79066801	0.3
399.6875	30.40094154	0.3
400.0156	30.32838854	0.3
400.3438	30.27467312	0.3
400.6719	29.80210119	0.3
401	30.35374007	0.3
401.3281	29.53696539	0.3
401.6563	29.1116443	0.3
401.9844	29.69574533	0.3
402.3125	29.93740387	0.3
402.6406	27.7631335	0.3
402.9688	30.04609992	0.3
403.2969	29.73164114	0.3
403.625	30.21529353	0.3
403.9531	30.45090573	0.3
404.2813	30.12050005	0.3
404.6094	30.96370591	0.3
404.9375	30.1019573	0.3
405.2656	29.7518624	0.3
405.5938	30.99493466	0.3
405.9219	31.12935327	0.3
406.25	29.16957473	0.3
406.5781	30.42100978	0.3
406.9063	30.42603527	0.3
407.25	29.59208599	0.3
407.5781	29.42250602	0.3
407.9063	29.7755059	0.3
408.2344	29.25340705	0.3
408.5625	30.83729153	0.3
408.8906	29.93930743	0.3
409.2188	27.35944023	0.3
409.5469	29.73779202	0.3
409.875	29.86968308	0.3
410.2031	30.15676298	0.3
410.5313	29.57794107	0.3
410.8594	29.80927386	0.3
411.2031	29.36637016	0.3
411.5313	29.55144651	0.3
411.875	29.49091459	0.3
412.2188	29.86580797	0.3
412.5469	27.94552486	0.3
412.875	30.85270444	0.3
413.2188	29.67316562	0.3
413.5625	30.26722922	0.3
413.8906	30.03215512	0.3
414.2344	29.81604612	0.3
414.5781	30.18456375	0.3
414.9063	30.38638187	0.3
415.25	29.34587897	0.3
415.5938	29.14204582	0.3
415.9375	29.31277295	0.3
416.2813	29.00460565	0.3
416.6094	29.60241989	0.3
416.9531	29.4238014	0.3
417.2969	29.75794891	0.3
417.6406	29.45992018	0.3
417.9844	29.20764488	0.3
418.3281	30.68920762	0.3
418.6563	29.69374725	0.3
419	30.1018626	0.3
419.3438	29.41595802	0.3
419.6875	30.36808281	0.3
420.0313	29.73274814	0.3
420.375	29.5221089	0.3
420.7188	29.93669241	0.3
421.0625	28.96176536	0.3
421.4063	29.39160629	0.3
421.75	27.737794	0.3
422.0938	29.20323231	0.3
422.4375	28.90882248	0.3
422.7813	29.25293928	0.3
423.125	29.17791656	0.3
423.4688	29.02654714	0.3
423.8125	29.10083959	0.3
424.1563	29.15164472	0.3
424.5	28.82330247	0.3
424.8438	28.99097299	0.3
425.1875	28.88331607	0.3
425.5313	27.20970118	0.3
425.875	29.23142979	0.3
426.2188	29.91998621	0.3
426.5625	28.78219826	0.3
426.9063	30.42300412	0.3
427.25	29.17466447	0.3
427.5938	29.48664624	0.3
427.9375	28.90968119	0.3
428.2813	29.130248	0.3
428.625	29.11287417	0.3
428.9688	28.97898454	0.3
429.3125	29.05659447	0.3
429.6563	29.05285356	0.3
430	27.83298173	0.3
430.3438	29.47299714	0.3
430.6875	28.91177434	0.3
431.0313	30.27152733	0.3
431.375	29.38685033	0.3
431.7188	29.63843191	0.3
432.0625	29.35802015	0.3
432.4063	27.43507403	0.3
432.75	28.99307536	0.3
433.0938	27.72755625	0.3
433.4375	29.13981036	0.3
433.7813	28.95695775	0.3
434.125	28.63879316	0.3
434.4688	28.67087239	0.3
434.8125	28.79129811	0.3
435.1563	29.00833487	0.3
435.5	28.88203313	0.3
435.8438	28.6303042	0.3
436.1875	28.43324975	0.3
436.5313	28.51033456	0.3
436.875	28.70203908	0.3
437.2188	30.16268093	0.3
437.5625	27.44520815	0.3
437.9063	29.03834439	0.3
438.25	28.89719761	0.3
438.5938	29.22570514	0.3
438.9375	28.83134377	0.3
439.2813	27.08329793	0.3
439.625	30.16383466	0.3
439.9688	28.58901091	0.3
440.3125	28.70294889	0.3
440.6563	28.91824941	0.3
441	28.76150192	0.3
441.3438	28.283316	0.3
441.6875	28.60083125	0.3
442.0313	28.50234165	0.3
442.375	28.76838377	0.3
442.7188	28.81536072	0.3
443.0625	28.65544201	0.3
443.4063	28.9837076	0.3
443.7656	28.73859279	0.3
444.1094	28.63081793	0.3
444.4531	28.37168472	0.3
444.7969	28.08845571	0.3
445.1406	28.74097627	0.3
445.4844	30.29189984	0.3
445.8281	28.51639571	0.3
446.1719	28.38898622	0.3
446.5156	28.48139	0.3
446.8594	28.46724725	0.3
447.2031	29.3035325	0.3
447.5469	28.79755098	0.3
447.8906	28.33804819	0.3
448.2344	28.31694633	0.3
448.5781	28.6665672	0.3
448.9219	28.44843807	0.3
449.2656	28.2923956	0.3
449.6094	27.21279007	0.3
449.9531	28.40371931	0.3
450.2969	28.19271702	0.3
450.6406	26.85670388	0.3
450.9844	27.6852904	0.3
451.3281	28.33456808	0.3
451.6719	26.81913587	0.3
452.0156	28.40724203	0.3
452.3594	28.58790671	0.3
452.7031	28.57057798	0.3
453.0625	28.82363556	0.3
453.4063	28.15998042	0.3
453.75	28.16222885	0.3
454.0938	28.48603905	0.3
454.4375	29.55010214	0.3
454.7813	28.41001933	0.3
455.125	28.6224569	0.3
455.4688	26.3407176	0.3
455.8281	28.4304537	0.3
456.1719	28.24061971	0.3
456.5313	28.42396345	0.3
456.8906	28.19442053	0.3
457.25	28.46523406	0.3
457.6094	29.07864552	0.3
457.9688	28.32078956	0.3
458.3125	28.38022755	0.3
458.6563	28.40127307	0.3
459	28.16004051	0.3
459.3438	28.04061574	0.3
459.7031	28.90222374	0.3
460.0625	28.57661928	0.3
460.4219	26.9580574	0.3
460.7656	28.24648185	0.3
461.1094	28.37416818	0.3
461.4688	27.96716177	0.3
461.8281	28.29778469	0.3
462.1719	28.26200448	0.3
462.5313	28.07575143	0.3
462.8906	27.15329005	0.3
463.25	29.10938482	0.3
463.6094	27.40305497	0.3
463.9688	28.27536896	0.3
464.3281	28.46948055	0.3
464.6875	28.90336468	0.3
465.0469	28.43602424	0.3
465.4063	28.20774447	0.3
465.7656	28.41659699	0.3
466.125	29.10856306	0.3
466.4844	27.95089951	0.3
466.8438	27.87664956	0.3
467.2031	28.32532915	0.3
467.5625	27.37453142	0.3
467.9219	28.19745511	0.3
468.2813	29.32270126	0.3
468.625	28.10283498	0.3
468.9844	27.05236718	0.3
469.3438	28.06376666	0.3
469.7031	28.80004661	0.3
470.0625	27.92740829	0.3
470.4219	27.95387891	0.3
470.7813	27.96692366	0.3
471.1406	26.83195366	0.3
471.5	28.123913	0.3
471.8594	27.93381293	0.3
472.2188	27.64813247	0.3
472.5781	28.08780551	0.3
472.9375	27.61590284	0.3
473.2969	28.089629	0.3
473.6563	28.09635527	0.3
474.0156	29.24482794	0.3
474.375	27.95030272	0.3
474.7344	28.17252736	0.3
475.0938	28.05076627	0.3
475.4531	27.70368241	0.3
475.8125	27.93812293	0.3
476.1719	26.45200491	0.3
476.5313	27.83623894	0.3
476.8906	27.74552752	0.3
477.25	28.28734284	0.3
477.6094	27.7073249	0.3
477.9688	26.46751656	0.3
478.3281	27.80236203	0.3
478.6875	28.48667238	0.3
479.0469	27.02980698	0.3
479.4063	27.90482142	0.3
479.7656	27.57345639	0.3
480.125	27.49877214	0.3
480.4844	27.88235511	0.3
480.8438	28.9508379	0.3
481.2031	28.7108174	0.3
481.5625	27.94894335	0.3
481.9219	27.99300799	0.3
482.2813	28.1821563	0.3
482.6406	27.81992869	0.3
483	27.99235182	0.3
483.3594	27.46154097	0.3
483.7188	27.85897316	0.3
484.0781	27.66267686	0.3
484.4375	28.2014238	0.3
484.7969	28.19580499	0.3
485.1563	27.90667607	0.3
485.5156	27.84798452	0.3
485.875	27.97240111	0.3
486.2344	25.93842496	0.3
486.5938	26.99991915	0.3
486.9531	26.94531483	0.3
487.3125	27.54226339	0.3
487.6719	27.72728587	0.3
488.0313	27.71474055	0.3
488.3906	27.79721503	0.3
488.75	27.72015924	0.3
489.1094	27.64179476	0.3
489.4688	28.92215407	0.3
489.8281	27.5638097	0.3
490.1875	27.38128624	0.3
490.5469	27.47706373	0.3
490.9063	27.35187178	0.3
491.2656	27.88734164	0.3
491.625	27.83574686	0.3
491.9844	27.52114609	0.3
492.3438	27.51189041	0.3
492.7031	27.61464097	0.3
493.0625	27.34645477	0.3
493.4219	27.51079093	0.3
493.7813	27.50210311	0.3
494.1406	27.88220197	0.3
494.5	27.2277983	0.3
494.8594	27.6029295	0.3
495.2188	27.20353404	0.3
495.5781	27.44286037	0.3
495.9375	27.57209403	0.3
496.2969	27.26511736	0.3
496.6563	27.31686657	0.3
497.0156	26.5345126	0.3
497.375	28.53881977	0.3
497.7344	27.82669157	0.3
498.0938	27.4119695	0.3
498.4531	27.37090004	0.3
498.8125	28.35170596	0.3
499.1719	27.09326129	0.3
499.5313	27.14676555	0.3
499.8906	27.32785053	0.3
500.25	27.0860735	0.3
500.625	27.24754955	0.3
501	28.26307763	0.3
501.3594	27.17200428	0.3
501.7188	28.04193936	0.3
502.0781	27.03936341	0.3
502.4531	27.68008312	0.3
502.8281	28.12282076	0.3
503.1875	26.98462428	0.3
503.5469	27.5895813	0.3
503.9063	27.41136874	0.3
504.2813	27.46354306	0.3
504.6406	27.08739983	0.3
505	28.9399217	0.3
505.375	27.93415807	0.3
505.7344	27.22830965	0.3
506.0938	27.31571714	0.3
506.4531	27.84512055	0.3
506.8281	28.11266256	0.3
507.2031	27.57595289	0.3
507.5781	27.04573147	0.3
507.9531	27.48247584	0.3
508.3281	28.48746395	0.3
508.7031	27.50397309	0.3
509.0781	27.18245497	0.3
509.4531	27.55139268	0.3
509.8281	27.53197661	0.3
510.2031	26.95362141	0.3
510.5781	27.63050258	0.3
510.9531	27.26092	0.3
511.3281	26.98176372	0.3
511.7031	27.12855976	0.3
512.0781	27.39797463	0.3
512.4531	26.83136437	0.3
512.8281	25.66731651	0.3
513.2031	27.26815809	0.3
513.5781	26.9039299	0.3
513.9531	25.33331058	0.3
514.3281	27.37170413	0.3
514.7031	27.93700889	0.3
515.0781	27.51528984	0.3
515.4531	28.37359138	0.3
515.8281	27.21964575	0.3
516.2031	27.23610415	0.3
516.5781	27.00291988	0.3
516.9531	28.6055021	0.3
517.3281	27.76639234	0.3
517.7031	27.1714161	0.3
518.0781	27.16420371	0.3
518.4531	27.39202124	0.3
518.8281	26.99187373	0.3
519.2031	26.78595733	0.3
519.5781	27.6975397	0.3
519.9531	27.76050643	0.3
520.3281	27.96424458	0.3
520.7031	26.90551696	0.3
521.0781	28.59557976	0.3
521.4531	27.40607702	0.3
521.8281	28.37604834	0.3
522.2031	25.38319878	0.3
522.5781	25.27327932	0.3
522.9531	27.0661689	0.3
523.3281	28.17841538	0.3
523.7031	26.87119352	0.3
524.0781	26.67300443	0.3
524.4531	27.30376745	0.3
524.8281	27.17103917	0.3
525.2031	27.04038105	0.3
525.5781	27.5244928	0.3
525.9531	25.82816574	0.3
526.3281	27.51678616	0.3
526.7031	27.13796629	0.3
527.0781	26.12182134	0.3
527.4531	26.77907618	0.3
527.8281	27.44953453	0.3
528.2031	27.09885931	0.3
528.5781	27.23005044	0.3
528.9531	26.65828918	0.3
529.3281	25.78987268	0.3
529.7031	25.45961525	0.3
530.0781	27.11254551	0.3
530.4531	26.77077075	0.3
530.8281	27.13135737	0.3
531.2031	27.03158593	0.3
531.5781	27.68202203	0.3
531.9531	27.26875929	0.3
532.3281	26.74944612	0.3
532.7031	27.15835176	0.3
533.0781	25.41380011	0.3
533.4531	25.46501699	0.3
533.8281	26.81127886	0.3
534.2031	27.40723657	0.3
534.5781	28.37233313	0.3
534.9531	27.47973811	0.3
535.3281	27.18269547	0.3
535.7031	27.4114949	0.3
536.0781	26.87666847	0.3
536.4531	26.77169148	0.3
536.8281	26.99953537	0.3
537.2031	28.04644534	0.3
537.5781	27.27729744	0.3
537.9531	27.06868321	0.3
538.3281	26.70913939	0.3
538.7031	26.95535328	0.3
539.0781	26.08688692	0.3
539.4531	27.12870324	0.3
539.8281	26.34751388	0.3
540.2031	26.73569138	0.3
540.5781	26.7132005	0.3
540.9531	26.39938656	0.3
541.3281	27.04353674	0.3
541.7031	27.88008605	0.3
542.0781	27.30615632	0.3
542.4531	26.79358103	0.3
542.8281	26.70240997	0.3
543.2031	26.27178311	0.3
543.5781	26.53959104	0.3
543.9531	26.8083587	0.3
544.3281	26.39619099	0.3
544.7031	27.26657609	0.3
545.0781	26.42560781	0.3
545.4531	26.55016678	0.3
545.8281	27.33772319	0.3
546.2031	27.56668694	0.3
546.5781	25.98939943	0.3
546.9531	27.3178488	0.3
547.3281	26.56218889	0.3
547.7031	25.7580628	0.3
548.0938	26.674639	0.3
548.4688	27.50104456	0.3
548.8438	27.32194877	0.3
549.2188	26.89655103	0.3
549.6094	26.85621762	0.3
550	27.19125668	0.3
550.375	26.49633813	0.3
550.7656	26.24880452	0.3
551.1563	27.49291434	0.3
551.5313	27.02873843	0.3
551.9219	27.49134257	0.3
552.3125	26.25891789	0.3
552.6875	26.14294837	0.3
553.0781	26.35537508	0.3
553.4531	26.4859818	0.3
553.8281	26.48065884	0.3
554.2031	26.18286136	0.3
554.5938	26.47009517	0.3
554.9688	28.01996122	0.3
555.3594	26.74895656	0.3
555.75	26.4819121	0.3
556.125	26.20333688	0.3
556.5	26.93830701	0.3
556.8906	24.82892431	0.3
557.2813	25.74715341	0.3
557.6719	26.35732253	0.3
558.0625	26.70627968	0.3
558.4375	26.42503081	0.3
558.8281	27.77170281	0.3
559.2188	24.9048706	0.3
559.6094	26.78762343	0.3
560	26.31197849	0.3
560.3906	26.73330271	0.3
560.7813	27.53920752	0.3
561.1563	26.32910526	0.3
561.5469	25.90157869	0.3
561.9375	27.82030481	0.3
562.3281	27.12950259	0.3
562.7188	26.55121403	0.3
563.1094	26.40881405	0.3
563.5	26.47073116	0.3
563.8906	25.95121609	0.3
564.2813	26.12198386	0.3
564.6719	26.56264366	0.3
565.0625	27.77003075	0.3
565.4531	26.19344008	0.3
565.8438	26.46223082	0.3
566.2344	26.17071066	0.3
566.625	25.30246565	0.3
567.0156	28.02509328	0.3
567.4063	26.19271014	0.3
567.7969	26.54182086	0.3
568.1875	27.43418331	0.3
568.5781	25.90117485	0.3
568.9688	26.10173119	0.3
569.3594	26.5565217	0.3
569.75	26.38497343	0.3
570.1406	26.33592183	0.3
570.5313	26.76959554	0.3
570.9219	26.95024058	0.3
571.3125	26.51275465	0.3
571.7031	26.02630482	0.3
572.0938	26.08231715	0.3
572.4844	26.10480489	0.3
572.875	26.84920667	0.3
573.2656	26.23782591	0.3
573.6563	26.37767494	0.3
574.0469	26.82680517	0.3
574.4375	26.18223337	0.3
574.8281	26.34648317	0.3
575.2188	26.38489025	0.3
575.6094	26.12754142	0.3
576	25.94223034	0.3
576.3906	28.15028297	0.3
576.7813	27.46532564	0.3
577.1719	26.669589	0.3
577.5625	26.50400002	0.3
577.9531	25.75806611	0.3
578.3438	26.06331323	0.3
578.7344	26.52007826	0.3
579.125	25.41328252	0.3
579.5156	26.75478976	0.3
579.9063	26.23884342	0.3
580.2969	26.18442861	0.3
580.6875	26.60373223	0.3
581.0781	25.33139663	0.3
581.4688	26.35701317	0.3
581.8594	26.04171374	0.3
582.25	26.39258978	0.3
582.6406	26.32391815	0.3
583.0313	26.10222542	0.3
583.4219	27.35527473	0.3
583.8125	27.90803373	0.3
584.2031	26.33642405	0.3
584.5938	25.5059678	0.3
584.9844	26.27076746	0.3
585.375	26.32185066	0.3
585.7656	26.68078167	0.3
586.1563	26.03691129	0.3
586.5469	26.54039593	0.3
586.9375	25.85090942	0.3
587.3281	26.18426683	0.3
587.7188	26.19912386	0.3
588.1094	26.60044022	0.3
588.5	25.91051158	0.3
588.8906	26.22703966	0.3
589.2813	26.49904759	0.3
589.6719	26.49899927	0.3
590.0625	25.97394621	0.3
590.4531	26.6621661	0.3
590.8438	25.97793092	0.3
591.2344	24.22818885	0.3
591.625	26.41817899	0.3
592.0156	25.6880069	0.3
592.4063	26.3813154	0.3
592.7969	26.08764583	0.3
593.1875	26.97185019	0.3
593.5781	23.99709195	0.3
593.9688	26.40309945	0.3
594.3594	27.3022779	0.3
594.75	26.7380441	0.3
595.1406	25.90127254	0.3
595.5313	26.62409639	0.3
595.9219	26.8049534	0.3
596.3125	25.78592264	0.3
596.7031	26.21359644	0.3
597.0938	27.08744224	0.3
597.4844	26.50933167	0.3
597.8906	25.74787535	0.3
598.2813	26.19382709	0.3
598.6719	25.85446411	0.3
599.0625	25.78082403	0.3
599.4531	26.64957978	0.3
599.8438	26.28664519	0.3
600.2344	23.9546648	0.3
600.6406	26.04994067	0.3
601.0313	25.89807526	0.3
601.4219	26.53349251	0.3
601.8125	26.39090527	0.3
602.2031	26.23632329	0.3
602.6094	26.36172646	0.3
603	25.904224	0.3
603.3906	26.0753809	0.3
603.7813	26.36350127	0.3
604.1719	26.3443262	0.3
604.5625	26.56874241	0.3
604.9688	24.16980107	0.3
605.3594	26.14739881	0.3
605.75	26.40940588	0.3
606.1563	24.78292392	0.3
606.5469	25.98772748	0.3
606.9375	26.3023548	0.3
607.3281	24.19524649	0.3
607.7188	26.56889968	0.3
608.1094	25.54164117	0.3
608.5156	25.79924067	0.3
608.9219	26.37753971	0.3
609.3125	25.49248002	0.3
609.7188	25.92815732	0.3
610.125	25.74215774	0.3
610.5313	25.80397981	0.3
610.9219	26.00072299	0.3
611.3281	26.28127163	0.3
611.7344	25.5446443	0.3
612.125	25.9620895	0.3
612.5313	26.41012634	0.3
612.9375	24.96037826	0.3
613.3438	26.47070889	0.3
613.75	25.80248999	0.3
614.1563	26.8818266	0.3
614.5625	27.26697241	0.3
614.9688	25.04604438	0.3
615.375	26.31216623	0.3
615.7813	25.542781	0.3
616.1875	26.0196076	0.3
616.5938	25.30285204	0.3
617	26.94129084	0.3
617.4063	26.20049946	0.3
617.8125	25.9430597	0.3
618.2031	24.25261668	0.3
618.6094	25.7816563	0.3
619.0156	25.85323594	0.3
619.4219	25.49970275	0.3
619.8281	25.6287861	0.3
620.2344	25.0036544	0.3
620.6406	25.47307845	0.3
621.0469	26.21433271	0.3
621.4531	26.64236026	0.3
621.8594	25.87017962	0.3
622.2656	26.51927072	0.3
622.6719	26.64954848	0.3
623.0781	26.89648336	0.3
623.4844	25.86464874	0.3
623.8906	25.64819896	0.3
624.2969	26.10329277	0.3
624.7031	25.68883242	0.3
625.1094	24.47698255	0.3
625.5156	26.42258588	0.3
625.9219	26.50512895	0.3
626.3281	25.85106293	0.3
626.7344	27.31510371	0.3
627.1406	25.86115028	0.3
627.5469	26.18324468	0.3
627.9531	25.46396979	0.3
628.3594	23.62418945	0.3
628.7656	25.7081817	0.3
629.1719	26.13313173	0.3
629.5781	25.53365546	0.3
629.9844	25.66771447	0.3
630.3906	25.69531051	0.3
630.7969	25.83447333	0.3
631.2031	25.81305205	0.3
631.6094	26.68432542	0.3
632.0156	26.78817751	0.3
632.4219	24.11810271	0.3
632.8281	26.84109849	0.3
633.2344	26.24620149	0.3
633.6406	25.32456706	0.3
634.0469	25.31484497	0.3
634.4531	25.56484091	0.3
634.8594	25.55455696	0.3
635.2656	25.19427264	0.3
635.6719	25.64283099	0.3
636.0781	26.0553884	0.3
636.4844	25.96824217	0.3
636.8906	25.72407319	0.3
637.2969	26.63864571	0.3
637.7031	25.29562743	0.3
638.1094	25.55821713	0.3
638.5156	25.67119913	0.3
638.9219	25.12551619	0.3
639.3281	24.49730994	0.3
639.7344	26.80950332	0.3
640.1406	24.39178017	0.3
640.5469	25.63652394	0.3
640.9531	25.38500149	0.3
641.3594	26.29027581	0.3
641.7656	24.57796157	0.3
642.1719	23.87931459	0.3
642.5781	25.29407749	0.3
642.9844	24.04435452	0.3
643.3906	26.33326394	0.3
643.7969	25.09708225	0.3
644.2031	26.85471215	0.3
644.6094	26.029214	0.3
645.0156	24.25046358	0.3
645.4219	25.63661001	0.3
645.8281	25.45278455	0.3
646.2344	26.51272051	0.3
646.6406	25.70114196	0.3
647.0469	25.63114818	0.3
647.4531	25.63799139	0.3
647.8594	25.54672478	0.3
648.2656	27.33985143	0.3
648.6719	25.3870909	0.3
649.0781	25.6094405	0.3
649.4844	25.69978716	0.3
649.8906	25.53274579	0.3
650.2969	25.45754621	0.3
650.7031	25.49978512	0.3
651.1094	25.98215604	0.3
651.5313	24.40413217	0.3
651.9375	25.40873197	0.3
652.3438	25.62428875	0.3
652.75	25.42578091	0.3
653.1563	23.94539592	0.3
653.5781	24.08745596	0.3
653.9844	25.28229038	0.3
654.3906	25.61940554	0.3
654.7969	25.31108828	0.3
655.2031	25.17914717	0.3
655.6094	25.28995283	0.3
656.0156	26.00914323	0.3
656.4375	25.57619524	0.3
656.8438	25.75115909	0.3
657.25	25.5092383	0.3
657.6563	26.02608107	0.3
658.0781	25.36431296	0.3
658.4844	26.00269	0.3
658.9063	25.46672099	0.3
659.3125	24.75797628	0.3
659.7344	25.12942697	0.3
660.1563	25.60644344	0.3
660.5781	26.3816518	0.3
661	25.12374157	0.3
661.4219	25.04751175	0.3
661.8438	25.21715248	0.3
662.2656	25.52617853	0.3
662.6875	26.20727238	0.3
663.1094	25.53502649	0.3
663.5313	26.29813225	0.3
663.9375	25.40121296	0.3
664.3594	25.62576875	0.3
664.7813	25.40104837	0.3
665.2031	25.93466365	0.3
665.625	25.32094451	0.3
666.0469	25.55521281	0.3
666.4688	25.60445701	0.3
666.8906	25.30206454	0.3
667.3125	23.88859729	0.3
667.7344	24.66946321	0.3
668.1563	25.51597723	0.3
668.5781	25.25563917	0.3
669	25.83318592	0.3
669.4219	26.03312572	0.3
669.8438	25.41810446	0.3
670.2656	25.91941749	0.3
670.6875	25.19821673	0.3
671.1094	25.52657482	0.3
671.5313	25.07143064	0.3
671.9531	24.92287682	0.3
672.375	24.96176418	0.3
672.7969	25.70251239	0.3
673.2188	24.160961	0.3
673.6406	26.1665402	0.3
674.0625	25.49972008	0.3
674.4688	22.95530082	0.3
674.8906	25.76257915	0.3
675.3125	25.82942455	0.3
675.7344	26.19214011	0.3
676.1563	25.6838098	0.3
676.5781	25.51009036	0.3
677	23.67577576	0.3
677.4219	23.48471394	0.3
677.8438	23.78132876	0.3
678.2656	24.80382782	0.3
678.6875	25.19177375	0.3
679.1094	25.38369436	0.3
679.5313	25.53227898	0.3
679.9531	25.60601057	0.3
680.375	25.60908684	0.3
680.7969	25.73247596	0.3
681.2188	25.6572241	0.3
681.6406	25.17680972	0.3
682.0625	25.25432081	0.3
682.4844	24.9690741	0.3
682.9063	25.67882219	0.3
683.3281	25.5829507	0.3
683.75	25.79049249	0.3
684.1719	24.15217729	0.3
684.5938	26.59003202	0.3
685.0156	25.36200034	0.3
685.4375	24.69439822	0.3
685.8594	26.6205231	0.3
686.2813	25.01283442	0.3
686.7031	25.01961768	0.3
687.125	24.05959689	0.3
687.5469	25.36685528	0.3
687.9688	24.84303777	0.3
688.3906	25.24273719	0.3
688.8125	25.24168	0.3
689.2344	25.09729397	0.3
689.6563	25.24474772	0.3
690.0781	25.01217428	0.3
690.5	25.77807808	0.3
690.9219	25.13856075	0.3
691.3438	25.2804407	0.3
691.7656	25.54684999	0.3
692.1875	25.28414483	0.3
692.6094	25.68370731	0.3
693.0313	24.86212763	0.3
693.4531	25.59955971	0.3
693.875	25.51179582	0.3
694.2969	23.95260668	0.3
694.7188	25.13490564	0.3
695.1406	26.93519664	0.3
695.5625	25.19579309	0.3
695.9844	25.66344632	0.3
696.4063	25.05071804	0.3
696.8281	23.48361823	0.3
697.25	24.67916478	0.3
697.6719	25.08778323	0.3
698.0938	26.56039451	0.3
698.5156	25.46061465	0.3
698.9375	25.52927016	0.3
699.3594	25.59752769	0.3
699.7813	26.07603226	0.3
700.2031	24.99090082	0.3
700.625	25.50177285	0.3
701.0469	24.65494904	0.3
701.4688	25.15859615	0.3
701.8906	25.21808506	0.3
702.3125	24.27151085	0.3
702.7344	25.54669139	0.3
703.1563	26.55774739	0.3
703.5781	23.75106804	0.3
704	25.64512964	0.3
704.4219	25.187787	0.3
704.8438	23.17073642	0.3
705.2656	25.00815907	0.3
705.6875	23.67385278	0.3
706.1094	25.45599592	0.3
706.5313	25.17074506	0.3
706.9531	24.94627769	0.3
707.375	25.70117413	0.3
707.7969	24.82767437	0.3
708.2188	26.61179439	0.3
708.6563	24.83085532	0.3
709.0781	24.57205492	0.3
709.5	24.96452126	0.3
709.9219	26.14256973	0.3
710.3594	25.39891226	0.3
710.7813	25.02552233	0.3
711.2031	23.13527827	0.3
711.625	24.80219368	0.3
712.0469	25.14395275	0.3
712.4688	25.51591399	0.3
712.8906	25.27520536	0.3
713.3125	25.34402696	0.3
713.75	24.82063947	0.3
714.1719	25.12095352	0.3
714.6094	25.42612685	0.3
715.0469	24.86300854	0.3
715.4688	25.19373078	0.3
715.9063	23.78100709	0.3
716.3438	25.46415316	0.3
716.7813	25.01554135	0.3
717.2188	25.15202039	0.3
717.6406	24.7326496	0.3
718.0781	25.10961683	0.3
718.5156	24.80433721	0.3
718.9531	24.84435615	0.3
719.375	24.88321618	0.3
719.8125	25.00370756	0.3
720.25	23.21582155	0.3
720.6875	24.44321728	0.3
721.1094	24.21667828	0.3
721.5469	26.75358894	0.3
721.9844	23.95842383	0.3
722.4219	25.45313747	0.3
722.8594	26.21784603	0.3
723.2969	24.84645057	0.3
723.7344	25.28100579	0.3
724.1719	24.78123486	0.3
724.6094	24.92410589	0.3
725.0469	25.06438423	0.3
725.4688	25.07928214	0.3
725.9063	23.14796644	0.3
726.3438	25.32128196	0.3
726.7813	24.91671586	0.3
727.2188	25.10804555	0.3
727.6563	24.93341703	0.3
728.0938	24.91393768	0.3
728.5313	24.710549	0.3
728.9688	25.12386361	0.3
729.4063	24.67390939	0.3
729.8438	24.91586396	0.3
730.2813	25.29081709	0.3
730.7188	25.16111608	0.3
731.1563	25.11500411	0.3
731.5938	24.76186157	0.3
732.0313	24.75005947	0.3
732.4688	25.59565829	0.3
732.9063	25.57593889	0.3
733.3438	25.25885616	0.3
733.7813	23.37276618	0.3
734.2188	25.95245638	0.3
734.6563	25.00437281	0.3
735.0938	25.19274553	0.3
735.5313	23.81476128	0.3
735.9688	24.97908287	0.3
736.4063	24.79178559	0.3
