.03125	361.0578738	0.3
.15625	361.0483881	0.3
.28125	361.1468116	0.3
.40625	361.4746864	0.3
.53125	361.1490652	0.3
.65625	360.9211901	0.3
.78125	360.8686261	0.3
.90625	361.2111566	0.3
1.03125	360.8282353	0.3
1.15625	360.5879654	0.3
1.28125	360.555357	0.3
1.40625	360.6165179	0.3
1.53125	360.8807345	0.3
1.65625	360.5661619	0.3
1.78125	360.3222579	0.3
1.90625	360.1741747	0.3
2.03125	360.5466502	0.3
2.15625	360.1734136	0.3
2.28125	360.1243152	0.3
2.40625	359.9071408	0.3
2.53125	359.9835827	0.3
2.65625	359.8796219	0.3
2.78125	359.8035218	0.3
2.90625	359.6487095	0.3
3.03125	359.5635768	0.3
3.15625	359.6912313	0.3
3.28125	359.410114	0.3
3.40625	359.1763359	0.3
3.53125	359.2158987	0.3
3.65625	359.1210757	0.3
3.78125	358.6491013	0.3
3.90625	358.9913043	0.3
4.03125	358.7823258	0.3
4.15625	359.0505619	0.3
4.28125	358.6577685	0.3
4.40625	358.8628469	0.3
4.53125	358.4706122	0.3
4.65625	358.3594193	0.3
4.78125	358.4481066	0.3
4.90625	358.3459268	0.3
5.03125	358.3374368	0.3
5.15625	358.0281607	0.3
5.28125	358.1853788	0.3
5.40625	357.9887604	0.3
5.53125	357.9677175	0.3
5.65625	357.9302008	0.3
5.78125	357.730074	0.3
5.90625	357.7756768	0.3
6.03125	357.6096065	0.3
6.15625	357.5286323	0.3
6.28125	357.3453466	0.3
6.40625	357.3896265	0.3
6.53125	357.2899164	0.3
6.65625	357.1988705	0.3
6.78125	356.7292187	0.3
6.90625	357.055306	0.3
7.03125	356.9922031	0.3
7.15625	356.7975846	0.3
7.28125	356.7971896	0.3
7.40625	356.7798384	0.3
7.53125	356.8146878	0.3
7.65625	356.5814689	0.3
7.78125	356.5870071	0.3
7.90625	356.4731502	0.3
8.03125	356.3706096	0.3
8.15625	355.966391	0.3
8.28125	356.1423048	0.3
8.40625	355.8313471	0.3
8.53125	355.9824483	0.3
8.65625	355.9469396	0.3
8.78125	355.5317566	0.3
8.90625	355.7530959	0.3
9.03125	355.8497625	0.3
9.15625	355.6002512	0.3
9.28125	355.5804244	0.3
9.40625	355.4650965	0.3
9.53125	355.3390965	0.3
9.65625	355.3363269	0.3
9.78125	355.2815895	0.3
9.90625	355.4877079	0.3
10.03125	355.1428193	0.3
10.15625	355.1061781	0.3
10.28125	355.1592457	0.3
10.40625	355.0822697	0.3
10.53125	354.9444903	0.3
10.65625	354.9267886	0.3
10.78125	354.4159866	0.3
10.90625	354.6371479	0.3
11.03125	354.6594894	0.3
11.15625	354.0535576	0.3
11.28125	354.2525003	0.3
11.42188	353.9862589	0.3
1360835	354.3193271	0.3
11.70313	353.8495823	0.3
11.84375	354.2387501	0.3
11.98438	354.127286	0.3
12125	354.0075023	0.3
12.26563	353.9413992	0.3
12.40625	353.9356521	0.3
12.54688	353.7486245	0.3
1817418	353.4506995	0.3
12.82813	353.5813589	0.3
12.96875	353.6023025	0.3
13.10938	353.720992	0.3
13.25	353.349707	0.3
13.39063	352.8416777	0.3
13.53125	353.449928	0.3
13.67188	353.0326474	0.3
13.8125	352.9149365	0.3
13.95313	352.9641915	0.3
14.09375	352.9333887	0.3
14.23438	352.8593961	0.3
14.375	352.6867032	0.3
14.51563	352.8500975	0.3
14.65625	352.5124941	0.3
14.79688	352.5285751	0.3
14.9375	352.3991272	0.3
15.07813	352.6289651	0.3
15.21875	351.8811723	0.3
15.35938	352.2795102	0.3
15.64063	352.2083793	0.3
15.64063	352.0510192	0.3
15.78125	351.8590605	0.3
15.92188	352.093631	0.3
16.0625	351.5175409	0.3
16.20313	351.9487016	0.3
16.34375	351.7311041	0.3
16.48438	351.7519015	0.3
16625	351.6687121	0.3
16.76563	351.3890341	0.3
16.90625	351.3585699	0.3
17.04688	350.9161133	0.3
17.1875	351.3273907	0.3
17.32813	351.1630309	0.3
17.46875	351.066863	0.3
17.60938	351.0974236	0.3
17.75	350.5179097	0.3
17.89063	350.9326327	0.3
18.03125	350.888457	0.3
18.17188	350.8320285	0.3
18.3125	350.8086245	0.3
18.45313	350.4552999	0.3
18.59375	350.6112105	0.3
18.73438	350.4992858	0.3
18875	350.2165401	0.3
19.01563	350.465709	0.3
19.15625	350.4316955	0.3
19.29688	350.4604246	0.3
19.4375	349.8912016	0.3
19.57813	350.238847	0.3
19.71875	350.0688719	0.3
19.85938	349.9754039	0.3
20	349.9036164	0.3
20.14063	349.9663088	0.3
20.28125	349.7693464	0.3
20.42188	349.7844411	0.3
20.5625	349.617414	0.3
20.70313	349.6689914	0.3
20.84375	349.5548509	0.3
20.98438	349.49229	0.3
21125	349.4713958	0.3
21.26563	349.6546759	0.3
21.40625	349.2399068	0.3
21.54688	349.1171008	0.3
21.6875	349.1983111	0.3
21.82813	349.4949537	0.3
21.96875	348.9972219	0.3
22.10938	348.9018645	0.3
22.25	348.8562499	0.3
22.39063	348.3772166	0.3
22.53125	348.8751144	0.3
22.67188	348.4096586	0.3
22.8125	348.8252071	0.3
22.95313	348.7863993	0.3
23.09375	348.7115821	0.3
23.23438	348.5770691	0.3
23375	348.5341182	0.3
23.51563	348.1823004	0.3
23.65625	348.3381614	0.3
23.79688	348.3204384	0.3
23.9375	348.2350049	0.3
24.07813	347.9508436	0.3
24.21875	348.0802369	0.3
24.35938	347.9689047	0.3
24.64063	347.9928505	0.3
24.64063	347.9137578	0.3
24.78125	347.8415194	0.3
24.92188	347.838534	0.3
25.0625	347.6760308	0.3
25.20313	347.9659847	0.3
25.34375	347.4818182	0.3
25.48438	347.577991	0.3
25.76563	347.4493221	0.3
25.76563	347.379204	0.3
25.90625	347.7348427	0.3
26.04688	347.2964246	0.3
26.1875	347.1721265	0.3
26.32813	347.2535742	0.3
26.46875	347.1642701	0.3
26.60938	347.0859047	0.3
26.75	346.8218151	0.3
26.89063	346.9072855	0.3
27.03125	346.9819739	0.3
27.17188	346.8038437	0.3
27.3125	346.7349189	0.3
27.45313	346.7654318	0.3
27.59375	346.6573785	0.3
27.73438	346.2645846	0.3
27875	346.5326975	0.3
28.01563	346.5612586	0.3
28.15625	346.2495002	0.3
28.29688	346.3763389	0.3
28.4375	345.8803589	0.3
28.57813	345.9204633	0.3
28.71875	346.0677398	0.3
28.85938	345.9601527	0.3
29	346.0434519	0.3
29.14063	346.1453487	0.3
29.28125	345.6961342	0.3
29.4375	345.9068816	0.3
29.59375	345.888398	0.3
29.75	345.8881605	0.3
29.90625	345.8080843	0.3
30.0625	345.7285971	0.3
30.21875	345.7338385	0.3
30.6875	345.5286037	0.3
30.53125	345.3494916	0.3
30.6875	345.6178433	0.3
30.84375	345.3713368	0.3
31.46875	345.4759709	0.3
31.15625	345.2653774	0.3
31.3125	345.3056681	0.3
31.46875	345.2965724	0.3
31625	345.1944028	0.3
31.78125	345.0449884	0.3
31.9375	345.4379239	0.3
32.09375	345.3628484	0.3
32.25	345.0209486	0.3
32.40625	345.0871867	0.3
32.5625	344.9279689	0.3
32.71875	344.5986299	0.3
32875	344.5227195	0.3
33.03125	344.4381849	0.3
33.1875	344.7030421	0.3
33.34375	344.6250506	0.3
33.5	344.5987629	0.3
33.65625	344.3265549	0.3
33.8125	344.3613317	0.3
33.96875	344.3744522	0.3
34125	344.3321302	0.3
34.28125	343.6354337	0.3
34.4375	343.9902636	0.3
34.59375	343.9706074	0.3
34.75	343.621329	0.3
34.90625	343.9113702	0.3
35.0625	343.994868	0.3
35.21875	343.8451172	0.3
35375	343.6809007	0.3
35.53125	343.6876886	0.3
35.6875	343.2827875	0.3
35.84375	343.5305154	0.3
36	343.5532893	0.3
36.15625	343.5582696	0.3
36.3125	343.4388772	0.3
36.46875	342.928483	0.3
36625	343.4250156	0.3
36.78125	342.8163516	0.3
36.9375	343.0833987	0.3
37.09375	343.0400278	0.3
37.25	342.8192797	0.3
37.40625	343.2642144	0.3
37.5625	343.179095	0.3
37.71875	343.0224205	0.3
37875	342.7587062	0.3
38.03125	342.9337055	0.3
38.1875	342.824935	0.3
38.34375	342.6317444	0.3
38.5	342.2208569	0.3
38.65625	342.5507237	0.3
38.8125	342.1601857	0.3
38.96875	342.5210697	0.3
39125	342.4684204	0.3
39.28125	342.4873521	0.3
39.4375	342.4267786	0.3
39.59375	342.282892	0.3
39.75	342.2129421	0.3
39.90625	342.3014448	0.3
40.0625	342.2454818	0.3
40.21875	342.1290325	0.3
40375	342.0604629	0.3
40.53125	342.1192285	0.3
40.6875	341.9479625	0.3
40.84375	341.8492334	0.3
41	342.0053132	0.3
41.15625	341.7798762	0.3
41.3125	341.6097293	0.3
41.46875	342.0030238	0.3
41625	342.0416393	0.3
41.78125	341.8275092	0.3
41.9375	341.5703911	0.3
42.09375	341.599624	0.3
42.25	341.4678707	0.3
42.40625	341.4061016	0.3
42.5625	341.4980716	0.3
42.71875	341.4034129	0.3
42875	341.6233479	0.3
43.03125	341.1449754	0.3
43.1875	341.1037384	0.3
43.34375	340.6961831	0.3
43.5	340.9836192	0.3
43.65625	341.4202088	0.3
43.8125	341.0735359	0.3
43.96875	341.0914995	0.3
44125	340.8303551	0.3
44.28125	340.5816756	0.3
44.4375	340.7394244	0.3
44.59375	340.8135665	0.3
44.75	340.7273347	0.3
44.90625	340.5094688	0.3
45.0625	341.0829166	0.3
45.21875	340.3434413	0.3
45375	340.6480022	0.3
45.53125	340.3130324	0.3
45.6875	340.4087453	0.3
45.84375	340.3624152	0.3
46	340.3106619	0.3
46.15625	340.768813	0.3
46.3125	340.3379369	0.3
46.46875	340.1293877	0.3
46625	340.6303166	0.3
46.78125	340.1086824	0.3
46.9375	339.9744622	0.3
47.09375	339.9134166	0.3
47.25	339.9028872	0.3
47.40625	339.9665283	0.3
47.5625	339.8326314	0.3
47.71875	339.8168215	0.3
47875	339.7820362	0.3
48.03125	339.6897567	0.3
48.1875	339.5333056	0.3
48.34375	339.2519901	0.3
48.5	339.5967585	0.3
48.65625	339.1137751	0.3
48.8125	339.5787311	0.3
48.96875	339.3477333	0.3
49125	339.4300423	0.3
49.28125	339.3607854	0.3
49.4375	339.4361164	0.3
49.60938	339.5941413	0.3
49.76563	339.3299948	0.3
49.92188	339.2861268	0.3
50.07813	339.1697922	0.3
50.23438	338.8547111	0.3
50.39063	338.9821978	0.3
50.54688	339.006633	0.3
50.71875	339.101958	0.3
50.89063	338.8896466	0.3
51.0625	338.565606	0.3
51.23438	338.8337949	0.3
51.40625	338.8296851	0.3
51.57813	338.562669	0.3
51.75	338.4597716	0.3
51.92188	338.0755441	0.3
52.09375	338.502805	0.3
52.26563	337.8652077	0.3
52.4375	338.4521559	0.3
52.60938	338.4696695	0.3
52.78125	338.4432744	0.3
52.95313	338.17012	0.3
53125	338.1273749	0.3
53.29688	338.1541095	0.3
53.46875	337.5776049	0.3
53.64063	338.0656164	0.3
53.8125	338.1569692	0.3
53.98438	337.9490158	0.3
54.15625	338.3672545	0.3
54.32813	338.1873634	0.3
54.5	337.8351428	0.3
54.67188	337.402569	0.3
54.84375	337.5836718	0.3
55.01563	337.6795442	0.3
55.1875	337.5288922	0.3
55.35938	337.632485	0.3
55.53125	337.4297189	0.3
55.70313	337.4249759	0.3
55875	337.5629185	0.3
56.04688	337.2344035	0.3
56.21875	337.4013774	0.3
56.39063	337.3006081	0.3
56.5625	337.380188	0.3
56.73438	337.3096587	0.3
56.90625	336.9974607	0.3
57.07813	337.0928636	0.3
57.25	336.8155245	0.3
57.42188	337.1253631	0.3
57.59375	336.4985621	0.3
57.76563	336.8747712	0.3
57.9375	336.8928352	0.3
58.10938	336.3658974	0.3
58.28125	336.7625351	0.3
58.45313	336.8337838	0.3
58625	337.2171394	0.3
58.79688	336.5369552	0.3
58.96875	336.5384297	0.3
59.14063	336.5883634	0.3
59.3125	336.5052343	0.3
59.48438	336.0500875	0.3
59.65625	336.4115649	0.3
59.82813	336.4375036	0.3
60	336.3328732	0.3
60.17188	336.4172622	0.3
60.34375	336.339884	0.3
60.51563	336.0785606	0.3
60.6875	336.2086447	0.3
60.85938	336.1209313	0.3
61.03125	336.0625198	0.3
61.20313	336.0024355	0.3
61375	336.0272776	0.3
61.54688	336.0143168	0.3
61.71875	335.8204182	0.3
61.89063	335.8216985	0.3
62.0625	335.9073184	0.3
62.23438	335.6730454	0.3
62.40625	335.7833291	0.3
62.57813	335.634778	0.3
62.75	335.730466	0.3
62.92188	335.5594507	0.3
63.09375	335.5112474	0.3
63.26563	335.4143598	0.3
63.4375	335.4090798	0.3
63.60938	335.4897318	0.3
63.78125	335.4242442	0.3
63.95313	335.29369	0.3
64125	335.3548627	0.3
64.29688	335.1270216	0.3
64.46875	335.1642697	0.3
64.64063	335.1549707	0.3
64.8125	335.0756537	0.3
64.98438	334.9923359	0.3
65.15625	334.91157	0.3
65.32813	335.0214432	0.3
65.5	335.081947	0.3
65.67188	334.7462334	0.3
65.84375	334.7449013	0.3
66.01563	334.6945037	0.3
66.1875	334.2848891	0.3
66.35938	334.8034494	0.3
66.53125	334.6658877	0.3
66.70313	334.5637032	0.3
66875	334.5616303	0.3
67.04688	334.556828	0.3
67.21875	334.643074	0.3
67.39063	334.5644649	0.3
67.5625	334.4474505	0.3
67.73438	334.392586	0.3
67.90625	334.3955949	0.3
68.07813	334.546604	0.3
68.25	334.2126905	0.3
68.42188	334.3386416	0.3
68.59375	334.1758107	0.3
68.76563	334.1178109	0.3
68.9375	334.0180696	0.3
69.10938	334.1197694	0.3
69.28125	334.1391077	0.3
69.45313	333.8549911	0.3
69625	333.8271349	0.3
69.79688	333.7896637	0.3
69.96875	334.1702606	0.3
70.14063	333.7625591	0.3
70.3125	333.7491625	0.3
70.48438	333.6373615	0.3
70.65625	333.7770244	0.3
70.82813	333.3056557	0.3
71	333.8002618	0.3
71.17188	333.5432357	0.3
71.34375	333.4750801	0.3
71.51563	333.4581743	0.3
71.6875	333.4923106	0.3
71.85938	333.5354756	0.3
72.03125	333.4148639	0.3
72.20313	333.6343187	0.3
72375	333.2515644	0.3
72.54688	333.1219854	0.3
72.73438	333.2037957	0.3
72.92188	333.0593278	0.3
73.09375	333.1079849	0.3
73.28125	333.0614144	0.3
73.46875	333.1630894	0.3
73.65625	332.9518577	0.3
73.84375	332.7895968	0.3
74.03125	333.2760334	0.3
74.21875	332.5434262	0.3
74.40625	332.7094761	0.3
74.59375	332.8212012	0.3
74.78125	333.2648281	0.3
74.96875	332.0911403	0.3
75.15625	332.5388706	0.3
75.34375	332.4863141	0.3
75.53125	332.5115203	0.3
75.71875	332.265399	0.3
75.90625	332.7661006	0.3
76.09375	332.3341545	0.3
76.28125	332.3275526	0.3
76.46875	332.3391138	0.3
76.65625	332.2423563	0.3
76.84375	332.1181866	0.3
77.03125	332.2858012	0.3
77.21875	332.5352087	0.3
77.40625	332.2354281	0.3
77.59375	332.5241721	0.3
77.78125	332.3093653	0.3
77.96875	331.7018067	0.3
78.15625	332.0669312	0.3
78.34375	332.0088038	0.3
78.53125	331.8619298	0.3
78.71875	331.1424337	0.3
78.90625	331.685944	0.3
79.09375	331.6879179	0.3
79.28125	331.7113262	0.3
79.46875	331.800682	0.3
79.65625	331.52975	0.3
79.84375	331.4275403	0.3
80.03125	331.593409	0.3
80.21875	331.4756662	0.3
80.40625	331.559561	0.3
80.59375	331.6990241	0.3
80.78125	331.3575794	0.3
80.96875	331.3985129	0.3
81.15625	331.2294184	0.3
81.34375	331.1845145	0.3
81.53125	331.3135392	0.3
81.71875	331.1724558	0.3
81.90625	330.811269	0.3
82.09375	330.9948471	0.3
82.28125	330.8418571	0.3
82.46875	331.3234143	0.3
82.65625	331.0010864	0.3
82.84375	330.6852891	0.3
83.03125	330.9113823	0.3
83.21875	330.6522154	0.3
83.40625	330.8924643	0.3
83.59375	330.731724	0.3
83.78125	330.5550207	0.3
83.96875	330.5357987	0.3
84.15625	330.8231612	0.3
84.34375	331.0810795	0.3
84.53125	330.5095936	0.3
84.71875	330.4076846	0.3
84.90625	330.457571	0.3
85.09375	330.4397024	0.3
85.28125	329.5963212	0.3
85.46875	330.2286061	0.3
85.65625	330.0809661	0.3
85.84375	330.2893279	0.3
86.03125	330.234814	0.3
86.21875	329.4492611	0.3
86.40625	330.0496495	0.3
86.59375	330.5025821	0.3
86.78125	330.1097017	0.3
86.96875	329.9922392	0.3
87.15625	329.9327644	0.3
87.34375	329.8559082	0.3
87.53125	329.9731808	0.3
87.71875	329.7651486	0.3
87.90625	330.217526	0.3
88.09375	329.7549459	0.3
88.28125	329.7530285	0.3
88.46875	329.6434855	0.3
88.65625	329.7336069	0.3
88.84375	329.6294641	0.3
89.03125	329.4171666	0.3
89.21875	329.5020494	0.3
89.40625	329.4676147	0.3
89.59375	328.6134965	0.3
89.78125	329.5544705	0.3
89.96875	329.2498527	0.3
90.15625	328.8622269	0.3
90.34375	329.2583369	0.3
90.53125	329.1032952	0.3
90.71875	329.2689698	0.3
90.90625	329.1601466	0.3
91.09375	329.3208047	0.3
91.28125	329.2599497	0.3
91.46875	329.0106119	0.3
91.65625	329.0503498	0.3
91.84375	328.2894093	0.3
92.03125	328.6690043	0.3
92.21875	328.755905	0.3
92.40625	328.8423413	0.3
92.59375	328.9147795	0.3
92.78125	328.8048291	0.3
92.96875	328.7119442	0.3
93.15625	328.9218492	0.3
93.34375	328.6053984	0.3
93.53125	328.4728947	0.3
93.71875	327.9381214	0.3
93.90625	328.727246	0.3
94.09375	328.6867881	0.3
94.28125	327.7623715	0.3
94.46875	328.3565633	0.3
94.65625	328.7530736	0.3
94.84375	328.4505014	0.3
95.03125	328.3732675	0.3
95.21875	328.490986	0.3
95.40625	328.6424525	0.3
95.59375	328.2259078	0.3
95.78125	328.3696115	0.3
95.98438	328.0806502	0.3
96.17188	328.1068988	0.3
96.35938	327.9877297	0.3
96.54688	327.9394542	0.3
96.73438	327.9301209	0.3
96.9375	327.9728257	0.3
97.14063	327.7959056	0.3
97.34375	328.1039531	0.3
97.53125	327.757647	0.3
97.73438	327.9845884	0.3
97.92188	327.7701247	0.3
98125	327.4781095	0.3
98.32813	327.6657948	0.3
98.53125	327.4633156	0.3
98.73438	327.7695171	0.3
98.9375	327.4870506	0.3
99.14063	327.4541014	0.3
99.34375	327.4766464	0.3
99.54688	327.4021461	0.3
99.75	327.4410916	0.3
99.95313	327.3179618	0.3
100.1563	327.2341021	0.3
100.3594	327.1880917	0.3
100.5625	327.1176984	0.3
100.7656	327.3243445	0.3
100.9688	327.0436015	0.3
101.1719	327.1383491	0.3
101375	326.9364535	0.3
101.5781	326.8924524	0.3
101.7813	327.1298412	0.3
101.9844	327.4321976	0.3
102.1875	326.8700545	0.3
102.3906	326.8635162	0.3
102.5938	326.8265208	0.3
102.7969	326.8579411	0.3
103	326.9902018	0.3
103.2031	326.6607163	0.3
103.4063	326.9113089	0.3
103.6094	326.7869557	0.3
103.8125	326.7153169	0.3
104.0156	326.5053375	0.3
104.2188	326.3746519	0.3
104.4219	326.3841242	0.3
104625	326.5749754	0.3
104.8281	326.8692857	0.3
105.0313	326.9707202	0.3
105.2344	326.4405195	0.3
105.4375	326.2200544	0.3
105.6406	326.391745	0.3
105.8438	326.3836703	0.3
106.0469	325.7982927	0.3
106.25	326.5795416	0.3
106.4531	325.9407018	0.3
106.6563	325.9061749	0.3
106.8594	325.7989419	0.3
107.0625	326.0233507	0.3
107.2656	325.6024594	0.3
107.4688	325.1833925	0.3
107.6719	325.7624676	0.3
107875	325.9622802	0.3
108.0781	325.8495171	0.3
108.2813	325.6918939	0.3
108.4844	325.8971298	0.3
108.6875	325.6749548	0.3
108.8906	325.5102311	0.3
109.0938	325.7088696	0.3
109.2969	325.6570562	0.3
109.5	325.3824168	0.3
109.7031	326.0433054	0.3
109.9063	325.6331178	0.3
110.1094	325.3740577	0.3
110.3125	325.5816002	0.3
110.5156	325.2627453	0.3
110.7188	325.3122206	0.3
110.9219	325.3607466	0.3
111125	325.2518302	0.3
111.3281	325.3960749	0.3
111.5313	324.8056417	0.3
111.7344	324.8272033	0.3
111.9375	325.0706927	0.3
112.1406	324.9205466	0.3
112.3438	324.2491208	0.3
112.5469	325.0019834	0.3
112.75	324.8717399	0.3
112.9531	324.7624543	0.3
113.1563	324.5607278	0.3
113.3594	324.9252908	0.3
113.5625	324.6838681	0.3
113.7656	325.0168042	0.3
113.9688	324.1300497	0.3
114.1719	324.6644753	0.3
114375	325.2215084	0.3
114.5781	324.6842547	0.3
114.7813	324.2976965	0.3
114.9844	324.5166737	0.3
115.1875	324.5122726	0.3
115.3906	323.5850221	0.3
115.5938	324.4986517	0.3
115.7969	324.2219867	0.3
116	324.9027805	0.3
116.2031	324.3792675	0.3
116.4063	324.4034675	0.3
116.6094	324.3003436	0.3
116.8125	324.1383117	0.3
117.0156	324.3093584	0.3
117.2188	324.7010839	0.3
117.4219	324.0007815	0.3
117625	323.9430662	0.3
117.8281	323.9831611	0.3
118.0313	324.2663587	0.3
118.2344	323.2802005	0.3
118.4375	324.0874022	0.3
118.6406	324.0377574	0.3
118.8438	323.9793464	0.3
119.0469	323.7740378	0.3
119.25	323.3036371	0.3
119.4531	323.7729189	0.3
119.6563	323.6926899	0.3
119.8594	323.8198607	0.3
120.0625	323.5524012	0.3
120.2656	323.5003227	0.3
120.4688	323.545504	0.3
120.6719	323.6825384	0.3
120875	323.6620134	0.3
121.0781	323.4728902	0.3
121.2813	323.5455709	0.3
121.4844	323.8631379	0.3
121.7031	323.4565303	0.3
121.9063	322.6958069	0.3
122125	323.2317712	0.3
122.3281	323.2309468	0.3
122.5313	323.3120103	0.3
122.7344	323.2499631	0.3
122.9375	323.2226934	0.3
123.1406	323.1541723	0.3
123.3438	323.0311714	0.3
123.5469	322.9882818	0.3
123.75	323.4838365	0.3
123.9531	323.0181123	0.3
124.1563	322.9265969	0.3
124.3594	323.5815791	0.3
124.5625	322.80419	0.3
124.7813	322.8525696	0.3
125	322.8687362	0.3
125.2031	322.6719492	0.3
125.4219	322.6325898	0.3
125.6406	322.905008	0.3
125.8594	322.5084395	0.3
126.0781	322.772949	0.3
126.2969	322.5722612	0.3
126.5156	322.748194	0.3
126.7344	322.4480062	0.3
126.9531	322.0388687	0.3
127.1719	322.324145	0.3
127.3906	322.55365	0.3
127.6094	322.5607534	0.3
127.8281	322.5185671	0.3
128.0469	322.5868859	0.3
128.2656	322.2729435	0.3
128.4844	321.9614399	0.3
128.7031	322.2936989	0.3
128.9219	322.2683622	0.3
129.1406	321.471739	0.3
129.3594	322.019168	0.3
129.5781	322.0707838	0.3
129.7969	321.9932416	0.3
130.0156	321.8837918	0.3
130.2344	322.4973208	0.3
130.4531	321.9495592	0.3
130.6719	322.0715743	0.3
130.8906	321.9564817	0.3
131.1094	321.8943535	0.3
131.3281	322.1074232	0.3
131.5469	321.9554228	0.3
131.7656	321.8806093	0.3
131.9844	321.7151394	0.3
132.2031	322.1034231	0.3
132.4219	321.9081509	0.3
132.6406	321.5703868	0.3
132.8594	321.8223063	0.3
133.0781	321.7682001	0.3
133.2969	322.0389002	0.3
133.5156	321.433617	0.3
133.7344	321.5913622	0.3
133.9531	321.3996836	0.3
134.1719	321.4375403	0.3
134.3906	321.1127059	0.3
134.6094	321.1805848	0.3
134.8281	321.3431866	0.3
135.0469	321.317397	0.3
135.2656	320.5141105	0.3
135.4844	320.4831073	0.3
135.7031	321.4847822	0.3
135.9219	321.2271384	0.3
136.1406	321.434124	0.3
136.3594	321.2609086	0.3
136.5781	321.5273877	0.3
136.7969	321.0140855	0.3
137.0156	320.883587	0.3
137.2344	320.9353593	0.3
137.4531	321.2681652	0.3
137.6719	320.2957261	0.3
137.8906	321.020027	0.3
138.1094	320.9525246	0.3
138.3281	321.0354789	0.3
138.5469	320.9493406	0.3
138.7656	320.2374541	0.3
138.9844	319.9847549	0.3
139.2031	320.7590114	0.3
139.4219	320.5858374	0.3
139.6406	320.6032457	0.3
139.8594	320.6765038	0.3
140.0781	320.5453302	0.3
140.2969	320.6231903	0.3
140.5156	320.3735992	0.3
140.7344	320.1687489	0.3
140.9531	320.2155983	0.3
141.1719	320.7948517	0.3
141.3906	320.4672637	0.3
141.6094	320.5180737	0.3
141.8281	320.471936	0.3
142.0469	320.5751828	0.3
142.2656	320.4144875	0.3
142.4844	320.1424108	0.3
142.7031	320.3790776	0.3
142.9219	320.0594286	0.3
143.1406	319.763497	0.3
143.3594	320.0982276	0.3
143.5781	320.3526282	0.3
143.7969	320.4725072	0.3
144.0156	320.6800758	0.3
144.2344	320.0102146	0.3
144.4531	319.9756976	0.3
144.6719	319.8831419	0.3
144.8906	319.7710952	0.3
145.1094	319.8227793	0.3
145.3281	319.9210579	0.3
145.5469	320.0034943	0.3
145.7656	319.7987552	0.3
145.9844	319.7497157	0.3
146.2031	319.9348828	0.3
146.4219	319.6098329	0.3
146.6406	319.7954687	0.3
146.8594	319.7635683	0.3
147.0781	319.6904012	0.3
147.2969	320.2429123	0.3
147.5156	319.6990069	0.3
147.7344	319.5359827	0.3
147.9531	319.0627987	0.3
148.1719	319.659006	0.3
148.3906	319.5843223	0.3
148.6094	319.6734881	0.3
148.8281	319.5173513	0.3
149.0469	320.0578886	0.3
149.2656	319.4079024	0.3
149.4844	319.4138609	0.3
149.7031	319.2968856	0.3
149.9219	318.9956185	0.3
150.1406	319.1860494	0.3
150.3594	319.117448	0.3
150.5781	319.1248867	0.3
150.7969	319.0620981	0.3
151.0156	319.3766286	0.3
151.2344	319.1039746	0.3
151.4531	319.4156485	0.3
151.6719	318.953	0.3
151.8906	319.1943616	0.3
152.1094	319.1859418	0.3
152.3438	319.167281	0.3
152.5781	318.7564546	0.3
152.8125	318.9868693	0.3
153.0469	319.773655	0.3
153.2656	318.2005004	0.3
153.5	319.1368539	0.3
153.7344	318.9632643	0.3
153.9688	319.1043979	0.3
154.2031	318.9509935	0.3
154.4375	318.7015704	0.3
154.6719	318.7242188	0.3
154.8906	317.7681975	0.3
155125	318.6405906	0.3
155.3594	318.4793554	0.3
155.5938	317.8378466	0.3
155.8281	318.4276626	0.3
156.0625	318.760538	0.3
156.2969	318.4142887	0.3
156.5313	318.2859571	0.3
156.7656	318.5721029	0.3
157	318.4508612	0.3
157.2344	317.5355839	0.3
157.4688	317.863897	0.3
157.7031	318.7979915	0.3
157.9375	318.5047175	0.3
158.1719	318.1092643	0.3
158.4063	318.1172417	0.3
158.6406	318.3976123	0.3
158875	318.2414295	0.3
159.1094	318.2567719	0.3
159.3438	318.2198871	0.3
159.5781	318.4294551	0.3
159.8125	318.4504474	0.3
160.0469	317.9578368	0.3
160.2813	318.0845657	0.3
160.5156	318.2855647	0.3
160.75	317.9022662	0.3
160.9844	318.1679363	0.3
161.2188	318.3311759	0.3
161.4531	317.7084394	0.3
161.6875	318.1152818	0.3
161.9219	318.0289452	0.3
162.1563	317.7642526	0.3
162.3906	317.7546938	0.3
162625	318.1792517	0.3
162.8594	317.8739301	0.3
163.0938	317.7861499	0.3
163.3281	317.8985542	0.3
163.5625	318.4427507	0.3
163.7969	317.5060083	0.3
164.0313	317.7404066	0.3
164.2656	317.7645173	0.3
164.5	317.664377	0.3
164.7344	317.6852785	0.3
164.9688	317.6127167	0.3
165.2031	317.6844343	0.3
165.4375	317.6114619	0.3
165.6719	317.5236077	0.3
165.9063	317.5716247	0.3
166.1406	316.7697849	0.3
166375	317.4090441	0.3
166.6094	317.3742074	0.3
166.8438	317.2359372	0.3
167.0781	317.3905529	0.3
167.3125	317.1997302	0.3
167.5469	316.6191173	0.3
167.7813	317.2633452	0.3
168.0156	317.6530981	0.3
168.25	317.240974	0.3
168.4844	316.5409724	0.3
168.7188	317.5158208	0.3
168.9531	317.0927035	0.3
169.1875	317.0131111	0.3
169.4219	317.1408057	0.3
169.6563	317.2110665	0.3
169.8906	316.1161825	0.3
170125	317.2650063	0.3
170.3594	316.9596716	0.3
170.5938	316.8335128	0.3
170.8281	316.9470535	0.3
171.0625	316.8938832	0.3
171.2969	316.8298795	0.3
171.5313	316.7880548	0.3
171.7656	316.9547842	0.3
172	316.0340047	0.3
172.2344	316.7751448	0.3
172.4688	316.6265049	0.3
172.7031	317.095344	0.3
172.9375	316.3538084	0.3
173.1719	316.7613865	0.3
173.4063	316.6192981	0.3
173.6406	316.5032006	0.3
173875	316.7961689	0.3
174.1094	316.4431378	0.3
174.3438	316.793002	0.3
174.5781	316.6344876	0.3
174.8125	316.5492273	0.3
175.0469	316.4530526	0.3
175.2813	316.555447	0.3
175.5156	316.3205834	0.3
175.75	316.8953171	0.3
175.9844	316.3826416	0.3
176.2188	316.6419517	0.3
176.4531	316.3077896	0.3
176.6875	315.9691799	0.3
176.9219	316.687919	0.3
177.1563	315.2914217	0.3
177.3906	316.4550206	0.3
177625	316.2087908	0.3
177.8594	315.9365122	0.3
178.0938	316.1018627	0.3
178.3281	316.5212255	0.3
178.5625	316.1346213	0.3
178.7969	316.5311389	0.3
179.0313	316.0817463	0.3
179.2656	316.0758192	0.3
179.5	316.5027584	0.3
179.7344	315.8596044	0.3
179.9844	316.2841693	0.3
180.2188	315.9024408	0.3
180.4531	315.9317327	0.3
180.7031	316.0643203	0.3
180.9375	316.1287075	0.3
181.1719	315.8649163	0.3
181.4063	315.8988856	0.3
181.6406	315.824955	0.3
181875	315.9295983	0.3
182125	316.3469162	0.3
182.3594	315.9108649	0.3
182.5938	315.6818164	0.3
182.8281	315.7888867	0.3
183.0781	315.737416	0.3
183.3125	315.8461861	0.3
183.5469	316.3217713	0.3
183.7813	315.9362591	0.3
184.0313	315.7636685	0.3
184.2656	315.9655342	0.3
184.5156	315.8807266	0.3
184.7656	315.8029633	0.3
185	315.6650576	0.3
185.25	315.5592808	0.3
185.5	315.3941707	0.3
185.7344	315.2732088	0.3
185.9844	316.1977245	0.3
186.2344	315.1606011	0.3
186.4844	315.4266733	0.3
186.7344	315.4132195	0.3
186.9844	315.2592035	0.3
187.2344	314.5344921	0.3
187.4844	315.2712508	0.3
187.7344	314.494627	0.3
187.9844	314.3395218	0.3
188.2344	315.4659229	0.3
188.4844	315.7482191	0.3
188.7344	315.4810992	0.3
188.9844	315.2282294	0.3
189.2344	314.4792137	0.3
189.4844	315.1364753	0.3
189.7344	314.9570783	0.3
189.9844	315.1014807	0.3
190.2344	315.042315	0.3
190.4844	315.1198579	0.3
190.7344	313.9805871	0.3
190.9844	314.7565363	0.3
191.2344	314.9975322	0.3
191.4844	314.9641977	0.3
191.7344	314.747524	0.3
191.9844	314.9141562	0.3
192.2344	314.9172613	0.3
192.4844	314.7381967	0.3
192.7344	314.9129371	0.3
192.9844	314.7881105	0.3
193.2344	314.9666034	0.3
193.4844	314.6035705	0.3
193.7344	314.6204451	0.3
193.9844	314.6445347	0.3
194.2344	314.6846806	0.3
194.4844	314.5995165	0.3
194.7344	315.3149325	0.3
194.9844	315.1344676	0.3
195.2344	315.1199112	0.3
195.4844	314.4713728	0.3
195.7344	314.834796	0.3
195.9844	314.6567714	0.3
196.2344	315.3954422	0.3
196.4844	314.3562596	0.3
196.7344	315.3626351	0.3
196.9844	314.7084479	0.3
197.2344	314.570494	0.3
197.4844	314.4440276	0.3
197.7344	314.8939288	0.3
197.9844	313.5313596	0.3
198.2344	314.2950825	0.3
198.4844	314.4285326	0.3
198.7344	313.628777	0.3
198.9844	315.0517628	0.3
199.2344	314.5449415	0.3
199.4844	314.3506555	0.3
199.7344	314.3557232	0.3
199.9844	314.0796209	0.3
200.2344	314.0969944	0.3
200.4844	314.024145	0.3
200.7344	314.0856405	0.3
200.9844	314.15696	0.3
201.2344	313.3171142	0.3
201.4844	314.1161517	0.3
201.7344	314.7783961	0.3
201.9844	314.1835879	0.3
202.2344	314.0305432	0.3
202.4844	313.8654989	0.3
202.7344	314.0625254	0.3
202.9844	313.3145321	0.3
203.2344	314.4161197	0.3
203.4844	313.9106177	0.3
203.7344	313.8890033	0.3
203.9844	314.0011172	0.3
204.2344	313.7256392	0.3
204.4844	313.7275092	0.3
204.7344	313.2566439	0.3
204.9844	313.7602936	0.3
205.2344	313.8009121	0.3
205.4844	313.8795054	0.3
205.7344	313.7073344	0.3
205.9844	313.5844281	0.3
206.2344	313.8937421	0.3
206.4844	313.8743423	0.3
206.7344	313.437643	0.3
206.9844	314.4152773	0.3
207.2344	313.9463565	0.3
207.4844	313.8508943	0.3
207.7344	313.4903345	0.3
207.9844	312.6786591	0.3
208.2344	313.5721791	0.3
208.4844	313.8544974	0.3
208.7344	313.302208	0.3
208.9844	313.6369719	0.3
209.2344	313.6186485	0.3
209.4844	313.2834504	0.3
209.7344	313.4056496	0.3
209.9844	314.1279486	0.3
210.2344	313.0305388	0.3
210.4844	313.2858593	0.3
210.7344	313.0366165	0.3
210.9844	313.4946004	0.3
211.2344	313.4321508	0.3
211.4844	313.260817	0.3
211.7344	313.3762471	0.3
211.9844	312.4591017	0.3
212.2344	313.231968	0.3
212.4844	313.9793084	0.3
212.7344	313.1438262	0.3
212.9844	313.380213	0.3
213.2344	312.786805	0.3
213.4844	313.0412074	0.3
213.7344	313.0857353	0.3
213.9844	313.1863889	0.3
214.2344	312.9591019	0.3
214.4844	313.5222231	0.3
214.75	313.6553646	0.3
215	313.2228569	0.3
215.25	311.9981266	0.3
215.5156	312.8462521	0.3
215.7813	313.0703733	0.3
216.0313	312.9393049	0.3
216.2813	313.21027	0.3
216.5313	313.3831553	0.3
216.7969	312.9348042	0.3
217.0625	312.9752934	0.3
217.3281	312.5730992	0.3
217.5781	312.8346031	0.3
217.8281	313.0131306	0.3
218.0938	312.7554633	0.3
218.3594	312.8589464	0.3
218625	312.6135082	0.3
218.8906	312.2238759	0.3
219.1563	312.6090089	0.3
219.4219	311.8444948	0.3
219.6875	312.102834	0.3
219.9531	312.7308657	0.3
220.2188	311.5583001	0.3
220.4844	313.0851942	0.3
220.75	312.5170152	0.3
221.0156	312.6167628	0.3
221.2656	312.5189449	0.3
221.5313	312.9785784	0.3
221.7969	312.2955295	0.3
222.0625	312.276151	0.3
222.3281	311.2592069	0.3
222.5938	312.5451072	0.3
222.8594	311.6771409	0.3
223125	312.2129813	0.3
223.3906	312.2145036	0.3
223.6563	313.0425859	0.3
223.9219	312.3128571	0.3
224.1875	312.2271862	0.3
224.4531	312.6416138	0.3
224.7188	312.2101988	0.3
224.9844	312.3663883	0.3
225.25	312.375439	0.3
225.5156	312.2234028	0.3
225.7813	312.3250755	0.3
226.0469	312.9895769	0.3
226.3125	312.1429105	0.3
226.5781	312.1188768	0.3
226.8438	311.9439857	0.3
227.1094	312.1233698	0.3
227375	312.112525	0.3
227.6406	312.3650621	0.3
227.9063	311.9944863	0.3
228.1719	311.9953916	0.3
228.4375	311.8615998	0.3
228.7031	311.9512909	0.3
228.9688	312.9290875	0.3
229.2344	312.0022719	0.3
229.5	311.9508877	0.3
229.7656	312.6466709	0.3
230.0313	311.9593887	0.3
230.2969	311.8925558	0.3
230.5625	311.5595014	0.3
230.8281	311.9830264	0.3
231.0938	310.8708315	0.3
231.3594	311.4568936	0.3
231625	311.5544145	0.3
231.8906	311.5343804	0.3
232.1563	311.5343373	0.3
232.4219	311.6286606	0.3
232.6875	312.31799	0.3
232.9531	311.6675409	0.3
233.2188	312.0276921	0.3
233.4844	311.4088434	0.3
233.75	311.1082033	0.3
234.0156	311.2324139	0.3
234.2813	310.1263218	0.3
234.5469	311.4597089	0.3
234.8125	311.516267	0.3
235.0781	311.539587	0.3
235.3438	311.540455	0.3
235.6094	311.5108134	0.3
235875	311.484549	0.3
236.1406	310.6843524	0.3
236.4063	311.4918152	0.3
236.6719	311.0396346	0.3
236.9375	311.2795247	0.3
237.2031	311.8047376	0.3
237.4688	311.3377121	0.3
237.7344	311.1970654	0.3
238	311.7497144	0.3
238.2656	312.142293	0.3
238.5313	311.0227775	0.3
238.7969	309.9884704	0.3
239.0625	311.0953302	0.3
239.3281	311.259701	0.3
239.5938	312.0312403	0.3
239.8594	310.3516049	0.3
240125	309.6692366	0.3
240.3906	311.3910469	0.3
240.6563	310.6291571	0.3
240.9219	311.5209694	0.3
241.1875	309.6105335	0.3
241.4531	309.8675408	0.3
241.7188	310.8942813	0.3
241.9844	311.105798	0.3
242.25	312.0162405	0.3
242.5156	311.6111092	0.3
242.7813	311.3635763	0.3
243.0469	310.7169629	0.3
243.3125	310.5936553	0.3
243.5781	311.5174084	0.3
243.8438	310.7194708	0.3
244.1094	310.5270788	0.3
244375	310.6990759	0.3
244.6406	310.778627	0.3
244.9063	311.0032044	0.3
245.1719	310.4446924	0.3
245.4375	310.9724903	0.3
245.7031	310.5255518	0.3
245.9688	310.3953763	0.3
246.2344	310.7361697	0.3
246.5	311.065603	0.3
246.7656	310.5959711	0.3
247.0313	310.9302925	0.3
247.2969	310.7987016	0.3
247.5625	310.4017221	0.3
247.8438	310.4365495	0.3
248.1094	310.621564	0.3
248375	310.6610176	0.3
248.6406	310.7819224	0.3
248.9063	310.6901928	0.3
249.1875	310.383416	0.3
249.4531	310.239721	0.3
249.7344	310.6645221	0.3
250.0156	310.7985917	0.3
250.2813	310.9274872	0.3
250.5469	309.6148921	0.3
250.8125	310.255708	0.3
251.0781	310.1936481	0.3
251.3438	310.6855473	0.3
251625	309.5106047	0.3
251.8906	310.0940497	0.3
252.1719	310.3195028	0.3
252.4375	310.0129552	0.3
252.7188	309.313196	0.3
252.9844	310.0302458	0.3
253.2656	310.1130297	0.3
253.5469	309.8988809	0.3
253.8125	309.8691695	0.3
254.0781	308.6060315	0.3
254.3594	310.0563656	0.3
254.6406	309.9957262	0.3
254.9219	310.3068648	0.3
255.2031	309.7032344	0.3
255.4844	309.6491588	0.3
255.7656	309.8794225	0.3
256.0469	310.1008075	0.3
256.3125	310.0147066	0.3
256.5938	309.869913	0.3
256875	309.8923241	0.3
257.1563	309.8105155	0.3
257.4375	309.5881562	0.3
257.7188	309.7856653	0.3
258	309.8960732	0.3
258.2813	309.1737297	0.3
258.5625	309.0002685	0.3
258.8438	308.3169969	0.3
259125	310.6164918	0.3
259.4063	310.0864296	0.3
259.6875	310.5053463	0.3
259.9688	309.8223263	0.3
260.25	308.6213789	0.3
260.5313	309.8546967	0.3
260.8125	309.8202987	0.3
261.0938	309.6110407	0.3
261375	309.9253872	0.3
261.6563	309.5383064	0.3
261.9375	309.2993978	0.3
262.2188	310.4591241	0.3
262.5	309.344845	0.3
262.7813	309.5034433	0.3
263.0625	309.9431945	0.3
263.3438	309.1417419	0.3
263625	309.8711328	0.3
263.9063	309.2926303	0.3
264.1875	309.5647368	0.3
264.4688	309.2240155	0.3
264.75	308.1580506	0.3
265.0313	309.5713821	0.3
265.3125	308.9450909	0.3
265.5938	309.2260685	0.3
265875	308.5837502	0.3
266.1563	309.3340799	0.3
266.4375	309.111142	0.3
266.7188	309.7332057	0.3
267	309.1395277	0.3
267.2813	309.4523558	0.3
267.5625	309.1319343	0.3
267.8438	309.9777016	0.3
268125	308.8548453	0.3
268.4063	309.2767116	0.3
268.6875	309.0031884	0.3
268.9688	307.5971521	0.3
269.25	309.0270234	0.3
269.5313	309.2183303	0.3
269.8125	308.0078441	0.3
270.0938	309.0404865	0.3
270375	309.2384291	0.3
270.6563	308.0116135	0.3
270.9375	308.3614582	0.3
271.2188	308.867781	0.3
271.5	309.1849403	0.3
271.7813	308.7796101	0.3
272.0625	309.1672473	0.3
272.3438	308.8760978	0.3
272625	309.0234977	0.3
272.9063	308.9821131	0.3
273.1875	308.7603956	0.3
273.4688	309.5858509	0.3
273.75	308.6543699	0.3
274.0313	308.4596023	0.3
274.3125	308.8526062	0.3
274.5938	309.0026568	0.3
274875	308.5981681	0.3
275.1563	309.5922692	0.3
275.4375	308.2483196	0.3
275.7188	309.4453628	0.3
276	308.5304192	0.3
276.2813	308.5224557	0.3
276.5625	308.5852864	0.3
276.8438	308.3135108	0.3
277125	308.8754717	0.3
277.4063	308.2225405	0.3
277.6875	308.43538	0.3
277.9688	308.7983178	0.3
278.25	306.9970747	0.3
278.5313	308.201982	0.3
278.8125	308.1876319	0.3
279.0938	308.2615664	0.3
279375	308.3975941	0.3
279.6563	308.6121427	0.3
279.9375	308.7454069	0.3
280.2188	308.4040498	0.3
280.5	308.388477	0.3
280.7813	308.3552054	0.3
281.0625	308.5678965	0.3
281.3438	308.138088	0.3
281625	308.4212954	0.3
281.9063	308.4410402	0.3
282.1875	308.2481449	0.3
282.4688	308.2735099	0.3
282.75	308.000714	0.3
283.0313	308.2996689	0.3
283.3125	308.3995538	0.3
283.5938	308.1538584	0.3
283875	308.0751661	0.3
284.1563	308.7491483	0.3
284.4375	308.1424909	0.3
284.7188	308.9580093	0.3
285	307.8976993	0.3
285.2813	307.9845799	0.3
285.5625	308.8257223	0.3
285.8438	307.6333802	0.3
286.1406	307.7157673	0.3
286.4375	307.6908753	0.3
286.7344	308.0259389	0.3
287.0313	307.9295062	0.3
287.3125	308.2043078	0.3
287.5938	308.1106464	0.3
287875	308.3702999	0.3
288.1563	307.9571257	0.3
288.4531	307.9676737	0.3
288.75	307.8790229	0.3
289.0313	308.5280273	0.3
289.3125	308.0324417	0.3
289.5938	308.1891567	0.3
289.8906	307.5509211	0.3
290.1875	308.7682135	0.3
290.4844	308.357742	0.3
290.7813	307.5491578	0.3
291.0625	306.282544	0.3
291.3594	307.897898	0.3
291.6406	307.6535346	0.3
291.9219	307.5564363	0.3
292.2031	307.4758972	0.3
292.5	307.374254	0.3
292.7969	307.5718247	0.3
293.0938	307.2866801	0.3
293.3906	307.6842045	0.3
293.6875	307.1040272	0.3
293.9844	308.0032098	0.3
294.2813	307.3715672	0.3
294.5781	307.2655149	0.3
294875	307.9424216	0.3
295.1719	307.5422603	0.3
295.4688	307.406088	0.3
295.7656	307.809981	0.3
296.0625	307.3834313	0.3
296.3594	307.2577557	0.3
296.6563	307.0040463	0.3
296.9531	307.4641621	0.3
297.25	307.3789069	0.3
297.5469	307.320355	0.3
297.8438	307.1729228	0.3
298.1406	308.359115	0.3
298.4375	308.373389	0.3
298.7344	308.1232406	0.3
299.0313	307.1038481	0.3
299.3281	307.1732777	0.3
299625	307.5143952	0.3
299.9219	307.200278	0.3
300.2188	306.9947736	0.3
300.5156	307.0641941	0.3
300.8125	307.2113339	0.3
301.1094	307.2731365	0.3
301.4063	307.2065288	0.3
301.7031	306.1301192	0.3
302	306.9213303	0.3
302.2969	307.0679841	0.3
302.5938	306.9299813	0.3
302.8906	306.7222955	0.3
303.1875	307.3461586	0.3
303.4844	306.7805251	0.3
303.7813	307.272807	0.3
304.0781	305.587772	0.3
304375	306.921125	0.3
304.6719	306.4961043	0.3
304.9688	306.938532	0.3
305.2656	306.1391984	0.3
305.5625	307.2545038	0.3
305.8594	306.586907	0.3
306.1563	306.6420139	0.3
306.4531	307.2695478	0.3
306.75	306.8306042	0.3
307.0469	306.6836497	0.3
307.3438	305.9623784	0.3
307.6406	307.0120051	0.3
307.9375	306.7316	0.3
308.2344	306.8591873	0.3
308.5313	306.9438363	0.3
308.8281	305.2146038	0.3
309125	306.5644937	0.3
309.4219	306.6407354	0.3
309.7188	306.766831	0.3
310.0156	306.7164305	0.3
310.3125	306.7317089	0.3
310.6094	306.6020203	0.3
310.9063	306.5887447	0.3
311.2031	306.4494942	0.3
311.5	306.9403722	0.3
311.7969	306.892802	0.3
312.0938	306.7826365	0.3
312.3906	306.5678775	0.3
312.6875	306.7142013	0.3
312.9844	306.5913795	0.3
313.2813	306.2305216	0.3
313.5781	307.0903592	0.3
313875	306.7824623	0.3
314.1719	306.649439	0.3
314.4688	305.842255	0.3
314.7656	306.3882318	0.3
315.0625	306.3693934	0.3
315.3594	306.1170722	0.3
315.6563	306.0936759	0.3
315.9531	307.144541	0.3
316.25	306.5651192	0.3
316.5469	307.3638576	0.3
316.8438	306.4062542	0.3
317.1406	304.5993116	0.3
317.4375	306.1261107	0.3
317.7344	306.7613478	0.3
318.0313	306.1647519	0.3
318.3281	307.0867451	0.3
318625	306.2492067	0.3
318.9219	306.6006179	0.3
319.2188	306.4208717	0.3
319.5156	306.7098484	0.3
319.8125	306.1063683	0.3
320.1094	307.2257507	0.3
320.4063	306.1951789	0.3
320.7031	305.94823	0.3
321	306.1749646	0.3
321.2969	305.8223797	0.3
321.5938	305.9424025	0.3
321.8906	306.0978037	0.3
322.1875	304.1786899	0.3
322.4844	306.4901173	0.3
322.7813	306.347166	0.3
323.0781	306.37915	0.3
323375	305.9420676	0.3
323.6719	306.1242217	0.3
323.9688	304.3687504	0.3
324.2656	305.9453838	0.3
324.5781	305.801721	0.3
324.8906	306.020842	0.3
325.1875	304.7812351	0.3
325.4844	306.2653001	0.3
325.7813	305.640298	0.3
326.0781	305.3945099	0.3
326375	306.1404166	0.3
326.6719	305.7254631	0.3
326.9844	306.7796422	0.3
327.2969	305.8225014	0.3
327.6094	305.8577811	0.3
327.9063	304.3082718	0.3
328.2031	306.1086684	0.3
328.5	306.0681141	0.3
328.8125	305.3772242	0.3
329.1094	304.1155592	0.3
329.4219	304.5709169	0.3
329.7188	305.7596873	0.3
330.0313	305.3963534	0.3
330.3438	305.5076748	0.3
330.6563	305.4006387	0.3
330.9531	305.5275747	0.3
331.2656	305.3298615	0.3
331.5781	305.4528695	0.3
331.8906	305.4697675	0.3
332.2031	305.6976693	0.3
332.5156	305.3238461	0.3
332.8281	305.9969667	0.3
333.1406	305.4149837	0.3
333.4375	305.1702698	0.3
333.75	305.7477777	0.3
334.0625	305.3965508	0.3
334375	305.3524299	0.3
334.6875	304.9578003	0.3
335	305.513592	0.3
335.3125	305.3025022	0.3
335625	305.857356	0.3
335.9375	305.7327568	0.3
336.25	305.6378606	0.3
336.5625	305.1699016	0.3
336875	304.9762537	0.3
337.1875	305.0185436	0.3
337.5	304.9653273	0.3
337.8125	305.5219926	0.3
338125	305.3933618	0.3
338.4375	305.5540932	0.3
338.75	304.9536091	0.3
339.0625	305.3066669	0.3
339375	305.2837191	0.3
339.6875	303.3451842	0.3
340	303.6985734	0.3
340.3125	305.1166048	0.3
340625	305.4634632	0.3
340.9375	304.7657743	0.3
341.25	304.9366788	0.3
341.5625	305.083079	0.3
341875	305.3607861	0.3
342.1875	304.9315303	0.3
342.5	304.97253	0.3
342.8125	305.5248919	0.3
343125	304.8109217	0.3
343.4375	303.4477035	0.3
343.75	305.4661655	0.3
344.0625	304.7401364	0.3
344375	304.9941788	0.3
344.6875	303.4841548	0.3
345	302.9715365	0.3
345.3125	305.0928099	0.3
345625	304.9463267	0.3
345.9375	304.744776	0.3
346.25	305.0465734	0.3
346.5625	304.9456633	0.3
346875	305.4230173	0.3
347.1875	304.971987	0.3
347.5	304.6701161	0.3
347.8125	304.7926995	0.3
348125	304.4959427	0.3
348.4375	303.6825206	0.3
348.75	305.0324803	0.3
349.0625	304.54705	0.3
349375	303.5206815	0.3
349.6875	305.4385598	0.3
350	305.2464231	0.3
350.3125	303.0741271	0.3
350625	304.4176956	0.3
350.9375	304.9929641	0.3
351.25	304.7009137	0.3
351.5625	304.7788087	0.3
351875	303.9020334	0.3
352.1875	304.8647793	0.3
352.5	304.3123421	0.3
352.8125	305.3502803	0.3
353125	305.3890755	0.3
353.4375	304.7851547	0.3
353.75	304.7011253	0.3
354.0625	304.8404377	0.3
354375	302.5830062	0.3
354.6875	305.7620738	0.3
355	305.1909454	0.3
355.3125	304.0116767	0.3
355625	304.3341967	0.3
355.9375	304.2239748	0.3
356.25	304.0892986	0.3
356.5625	303.0178365	0.3
356875	304.222615	0.3
357.1875	304.3621979	0.3
357.5	304.3905995	0.3
357.8125	302.4747749	0.3
358125	303.169731	0.3
358.4375	304.1105939	0.3
358.75	303.9889416	0.3
359.0625	304.020846	0.3
359375	304.4601476	0.3
359.6875	304.2773458	0.3
360	304.1628801	0.3
360.3125	305.4780917	0.3
360625	305.0192404	0.3
360.9375	303.85145	0.3
361.25	304.2328021	0.3
361.5625	304.6953712	0.3
361875	305.3164057	0.3
362.1875	303.8313257	0.3
362.5156	304.1033469	0.3
362.8281	303.9397469	0.3
363.1563	302.5999664	0.3
363.4688	302.5950745	0.3
363.7813	303.9406099	0.3
364.0938	304.3667579	0.3
364.4063	304.152969	0.3
364.7188	304.3992646	0.3
365.0313	304.1422811	0.3
365.3438	302.3366279	0.3
365.6719	303.8498918	0.3
365.9844	304.1843471	0.3
366.3125	302.5252559	0.3
366625	304.0606165	0.3
366.9531	304.1112196	0.3
367.2813	304.1861894	0.3
367.5938	303.8415782	0.3
367.9219	304.1487085	0.3
368.2344	303.7224548	0.3
368.5625	305.2566546	0.3
368.8906	304.0294078	0.3
369.2188	304.2723762	0.3
369.5469	303.3338719	0.3
369.8594	303.6345595	0.3
370.1719	304.0861771	0.3
370.5	304.1062717	0.3
370.8281	304.1558831	0.3
371.1563	303.4554794	0.3
371.4688	304.0221662	0.3
371.7969	304.3753778	0.3
372125	303.6180668	0.3
372.4531	304.4308808	0.3
372.7813	303.8079402	0.3
373.1094	303.8488722	0.3
373.4375	303.6224577	0.3
373.7656	302.473276	0.3
374.0938	304.1614426	0.3
374.4219	305.1240702	0.3
374.75	304.0315519	0.3
375.0781	304.2258178	0.3
375.4063	304.067513	0.3
375.7344	304.1389595	0.3
376.0625	302.498334	0.3
376.3906	303.7159775	0.3
376.7188	303.401359	0.3
377.0469	303.5126531	0.3
377375	303.4954627	0.3
377.7031	303.3502035	0.3
378.0313	304.8541795	0.3
378.3594	303.6882407	0.3
378.6875	303.9120064	0.3
379.0156	302.090802	0.3
379.3438	303.936656	0.3
379.6719	303.4258648	0.3
380	303.4934742	0.3
380.3281	304.5839913	0.3
380.6563	303.7770433	0.3
380.9844	304.2769573	0.3
381.3125	303.2116619	0.3
381.6406	302.3743597	0.3
381.9688	303.5530711	0.3
382.2969	304.6395896	0.3
382625	303.718256	0.3
382.9531	302.5249193	0.3
383.2813	303.8378867	0.3
383.6094	303.7512948	0.3
383.9375	304.4791368	0.3
384.2656	303.3193879	0.3
384.5938	303.4063037	0.3
384.9219	301.6236823	0.3
385.25	303.7300048	0.3
385.5781	303.4788383	0.3
385.9063	303.4836411	0.3
386.2344	303.4717607	0.3
386.5625	303.532779	0.3
386.8906	303.1246815	0.3
387.2188	303.3644535	0.3
387.5469	303.3488936	0.3
387875	303.3430029	0.3
388.2031	302.9253609	0.3
388.5313	303.7953535	0.3
388.8594	303.3408308	0.3
389.1875	302.6006337	0.3
389.5156	304.3253775	0.3
389.8438	302.5019938	0.3
390.1719	302.023528	0.3
390.5	303.2886136	0.3
390.8281	303.1481739	0.3
391.1563	303.4914915	0.3
391.4844	301.9773076	0.3
391.8125	302.8976202	0.3
392.1406	303.1310302	0.3
392.4688	303.9925084	0.3
392.7969	302.8475176	0.3
393125	302.9374156	0.3
393.4531	303.0370892	0.3
393.7813	302.5075085	0.3
394.1094	304.476508	0.3
394.4375	303.3928002	0.3
394.7656	302.1557574	0.3
395.0938	302.1222846	0.3
395.4219	302.7382584	0.3
395.75	303.4109416	0.3
396.0781	303.1442013	0.3
396.4063	302.5415461	0.3
396.7344	303.5452527	0.3
397.0625	302.5813515	0.3
397.3906	302.9379834	0.3
397.7188	303.2219035	0.3
398.0469	303.317752	0.3
398375	303.1804242	0.3
398.7031	302.8658238	0.3
399.0313	302.8116904	0.3
399.3594	302.790668	0.3
399.6875	303.4009415	0.3
400.0156	303.3283885	0.3
400.3438	303.2746731	0.3
400.6719	302.8021012	0.3
401	303.3537401	0.3
401.3281	302.5369654	0.3
401.6563	302.1116443	0.3
401.9844	302.6957453	0.3
402.3125	302.9374039	0.3
402.6406	300.7631335	0.3
402.9688	303.0460999	0.3
403.2969	302.7316411	0.3
403625	303.2152935	0.3
403.9531	303.4509057	0.3
404.2813	303.1205	0.3
404.6094	303.9637059	0.3
404.9375	303.1019573	0.3
405.2656	302.7518624	0.3
405.5938	303.9949347	0.3
405.9219	304.1293533	0.3
406.25	302.1695747	0.3
406.5781	303.4210098	0.3
406.9063	303.4260353	0.3
407.25	302.592086	0.3
407.5781	302.422506	0.3
407.9063	302.7755059	0.3
408.2344	302.2534071	0.3
408.5625	303.8372915	0.3
408.8906	302.9393074	0.3
409.2188	300.3594402	0.3
409.5469	302.737792	0.3
409875	302.8696831	0.3
410.2031	303.156763	0.3
410.5313	302.5779411	0.3
410.8594	302.8092739	0.3
411.2031	302.3663702	0.3
411.5313	302.5514465	0.3
411875	302.4909146	0.3
412.2188	302.865808	0.3
412.5469	300.9455249	0.3
412875	303.8527044	0.3
413.2188	302.6731656	0.3
413.5625	303.2672292	0.3
413.8906	303.0321551	0.3
414.2344	302.8160461	0.3
414.5781	303.1845637	0.3
414.9063	303.3863819	0.3
415.25	302.345879	0.3
415.5938	302.1420458	0.3
415.9375	302.3127729	0.3
416.2813	302.0046057	0.3
416.6094	302.6024199	0.3
416.9531	302.4238014	0.3
417.2969	302.7579489	0.3
417.6406	302.4599202	0.3
417.9844	302.2076449	0.3
418.3281	303.6892076	0.3
418.6563	302.6937473	0.3
419	303.1018626	0.3
419.3438	302.415958	0.3
419.6875	303.3680828	0.3
420.0313	302.7327481	0.3
420375	302.5221089	0.3
420.7188	302.9366924	0.3
421.0625	301.9617654	0.3
421.4063	302.3916063	0.3
421.75	300.737794	0.3
422.0938	302.2032323	0.3
422.4375	301.9088225	0.3
422.7813	302.2529393	0.3
423125	302.1779166	0.3
423.4688	302.0265471	0.3
423.8125	302.1008396	0.3
424.1563	302.1516447	0.3
424.5	301.8233025	0.3
424.8438	301.990973	0.3
425.1875	301.8833161	0.3
425.5313	300.2097012	0.3
425875	302.2314298	0.3
426.2188	302.9199862	0.3
426.5625	301.7821983	0.3
426.9063	303.4230041	0.3
427.25	302.1746645	0.3
427.5938	302.4866462	0.3
427.9375	301.9096812	0.3
428.2813	302.130248	0.3
428625	302.1128742	0.3
428.9688	301.9789845	0.3
429.3125	302.0565945	0.3
429.6563	302.0528536	0.3
430	300.8329817	0.3
430.3438	302.4729971	0.3
430.6875	301.9117743	0.3
431.0313	303.2715273	0.3
431375	302.3868503	0.3
431.7188	302.6384319	0.3
432.0625	302.3580202	0.3
432.4063	300.435074	0.3
432.75	301.9930754	0.3
433.0938	300.7275563	0.3
433.4375	302.1398104	0.3
433.7813	301.9569578	0.3
434125	301.6387932	0.3
434.4688	301.6708724	0.3
434.8125	301.7912981	0.3
435.1563	302.0083349	0.3
435.5	301.8820331	0.3
435.8438	301.6303042	0.3
436.1875	301.4332498	0.3
436.5313	301.5103346	0.3
436875	301.7020391	0.3
437.2188	303.1626809	0.3
437.5625	300.4452081	0.3
437.9063	302.0383444	0.3
438.25	301.8971976	0.3
438.5938	302.2257051	0.3
438.9375	301.8313438	0.3
439.2813	300.0832979	0.3
439625	303.1638347	0.3
439.9688	301.5890109	0.3
440.3125	301.7029489	0.3
440.6563	301.9182494	0.3
441	301.7615019	0.3
441.3438	301.283316	0.3
441.6875	301.6008313	0.3
442.0313	301.5023417	0.3
442375	301.7683838	0.3
442.7188	301.8153607	0.3
443.0625	301.655442	0.3
443.4063	301.9837076	0.3
443.7656	301.7385928	0.3
444.1094	301.6308179	0.3
444.4531	301.3716847	0.3
444.7969	301.0884557	0.3
445.1406	301.7409763	0.3
445.4844	303.2918998	0.3
445.8281	301.5163957	0.3
446.1719	301.3889862	0.3
446.5156	301.48139	0.3
446.8594	301.4672472	0.3
447.2031	302.3035325	0.3
447.5469	301.797551	0.3
447.8906	301.3380482	0.3
448.2344	301.3169463	0.3
448.5781	301.6665672	0.3
448.9219	301.4484381	0.3
449.2656	301.2923956	0.3
449.6094	300.2127901	0.3
449.9531	301.4037193	0.3
450.2969	301.192717	0.3
450.6406	299.8567039	0.3
450.9844	300.6852904	0.3
451.3281	301.3345681	0.3
451.6719	299.8191359	0.3
452.0156	301.407242	0.3
452.3594	301.5879067	0.3
452.7031	301.570578	0.3
453.0625	301.8236356	0.3
453.4063	301.1599804	0.3
453.75	301.1622288	0.3
454.0938	301.486039	0.3
454.4375	302.5501021	0.3
454.7813	301.4100193	0.3
455125	301.6224569	0.3
455.4688	299.3407176	0.3
455.8281	301.4304537	0.3
456.1719	301.2406197	0.3
456.5313	301.4239635	0.3
456.8906	301.1944205	0.3
457.25	301.4652341	0.3
457.6094	302.0786455	0.3
457.9688	301.3207896	0.3
458.3125	301.3802276	0.3
458.6563	301.4012731	0.3
459	301.1600405	0.3
459.3438	301.0406157	0.3
459.7031	301.9022237	0.3
460.0625	301.5766193	0.3
460.4219	299.9580574	0.3
460.7656	301.2464818	0.3
461.1094	301.3741682	0.3
461.4688	300.9671618	0.3
461.8281	301.2977847	0.3
462.1719	301.2620045	0.3
462.5313	301.0757514	0.3
462.8906	300.1532901	0.3
463.25	302.1093848	0.3
463.6094	300.403055	0.3
463.9688	301.275369	0.3
464.3281	301.4694805	0.3
464.6875	301.9033647	0.3
465.0469	301.4360242	0.3
465.4063	301.2077445	0.3
465.7656	301.416597	0.3
466125	302.1085631	0.3
466.4844	300.9508995	0.3
466.8438	300.8766496	0.3
467.2031	301.3253292	0.3
467.5625	300.3745314	0.3
467.9219	301.1974551	0.3
468.2813	302.3227013	0.3
468625	301.102835	0.3
468.9844	300.0523672	0.3
469.3438	301.0637667	0.3
469.7031	301.8000466	0.3
470.0625	300.9274083	0.3
470.4219	300.9538789	0.3
470.7813	300.9669237	0.3
471.1406	299.8319537	0.3
471.5	301.123913	0.3
471.8594	300.9338129	0.3
472.2188	300.6481325	0.3
472.5781	301.0878055	0.3
472.9375	300.6159028	0.3
473.2969	301.089629	0.3
473.6563	301.0963553	0.3
474.0156	302.2448279	0.3
474375	300.9503027	0.3
474.7344	301.1725274	0.3
475.0938	301.0507663	0.3
475.4531	300.7036824	0.3
475.8125	300.9381229	0.3
476.1719	299.4520049	0.3
476.5313	300.8362389	0.3
476.8906	300.7455275	0.3
477.25	301.2873428	0.3
477.6094	300.7073249	0.3
477.9688	299.4675166	0.3
478.3281	300.802362	0.3
478.6875	301.4866724	0.3
479.0469	300.029807	0.3
479.4063	300.9048214	0.3
479.7656	300.5734564	0.3
480125	300.4987721	0.3
480.4844	300.8823551	0.3
480.8438	301.9508379	0.3
481.2031	301.7108174	0.3
481.5625	300.9489434	0.3
481.9219	300.993008	0.3
482.2813	301.1821563	0.3
482.6406	300.8199287	0.3
483	300.9923518	0.3
483.3594	300.461541	0.3
483.7188	300.8589732	0.3
484.0781	300.6626769	0.3
484.4375	301.2014238	0.3
484.7969	301.195805	0.3
485.1563	300.9066761	0.3
485.5156	300.8479845	0.3
485875	300.9724011	0.3
486.2344	298.938425	0.3
486.5938	299.9999192	0.3
486.9531	299.9453148	0.3
487.3125	300.5422634	0.3
487.6719	300.7272859	0.3
488.0313	300.7147406	0.3
488.3906	300.797215	0.3
488.75	300.7201592	0.3
489.1094	300.6417948	0.3
489.4688	301.9221541	0.3
489.8281	300.5638097	0.3
490.1875	300.3812862	0.3
490.5469	300.4770637	0.3
490.9063	300.3518718	0.3
491.2656	300.8873416	0.3
491625	300.8357469	0.3
491.9844	300.5211461	0.3
492.3438	300.5118904	0.3
492.7031	300.614641	0.3
493.0625	300.3464548	0.3
493.4219	300.5107909	0.3
493.7813	300.5021031	0.3
494.1406	300.882202	0.3
494.5	300.2277983	0.3
494.8594	300.6029295	0.3
495.2188	300.203534	0.3
495.5781	300.4428604	0.3
495.9375	300.572094	0.3
496.2969	300.2651174	0.3
496.6563	300.3168666	0.3
497.0156	299.5345126	0.3
497375	301.5388198	0.3
497.7344	300.8266916	0.3
498.0938	300.4119695	0.3
498.4531	300.3709	0.3
498.8125	301.351706	0.3
499.1719	300.0932613	0.3
499.5313	300.1467655	0.3
499.8906	300.3278505	0.3
500.25	300.0860735	0.3
500625	300.2475496	0.3
501	301.2630776	0.3
501.3594	300.1720043	0.3
501.7188	301.0419394	0.3
502.0781	300.0393634	0.3
502.4531	300.6800831	0.3
502.8281	301.1228208	0.3
503.1875	299.9846243	0.3
503.5469	300.5895813	0.3
503.9063	300.4113687	0.3
504.2813	300.4635431	0.3
504.6406	300.0873998	0.3
505	301.9399217	0.3
505375	300.9341581	0.3
505.7344	300.2283097	0.3
506.0938	300.3157171	0.3
506.4531	300.8451205	0.3
506.8281	301.1126626	0.3
507.2031	300.5759529	0.3
507.5781	300.0457315	0.3
507.9531	300.4824758	0.3
508.3281	301.487464	0.3
508.7031	300.5039731	0.3
509.0781	300.182455	0.3
509.4531	300.5513927	0.3
509.8281	300.5319766	0.3
510.2031	299.9536214	0.3
510.5781	300.6305026	0.3
510.9531	300.26092	0.3
511.3281	299.9817637	0.3
511.7031	300.1285598	0.3
512.0781	300.3979746	0.3
512.4531	299.8313644	0.3
512.8281	298.6673165	0.3
513.2031	300.2681581	0.3
513.5781	299.9039299	0.3
513.9531	298.3333106	0.3
514.3281	300.3717041	0.3
514.7031	300.9370089	0.3
515.0781	300.5152898	0.3
515.4531	301.3735914	0.3
515.8281	300.2196457	0.3
516.2031	300.2361041	0.3
516.5781	300.0029199	0.3
516.9531	301.6055021	0.3
517.3281	300.7663923	0.3
517.7031	300.1714161	0.3
518.0781	300.1642037	0.3
518.4531	300.3920212	0.3
518.8281	299.9918737	0.3
519.2031	299.7859573	0.3
519.5781	300.6975397	0.3
519.9531	300.7605064	0.3
520.3281	300.9642446	0.3
520.7031	299.905517	0.3
521.0781	301.5955798	0.3
521.4531	300.406077	0.3
521.8281	301.3760483	0.3
522.2031	298.3831988	0.3
522.5781	298.2732793	0.3
522.9531	300.0661689	0.3
523.3281	301.1784154	0.3
523.7031	299.8711935	0.3
524.0781	299.6730044	0.3
524.4531	300.3037675	0.3
524.8281	300.1710392	0.3
525.2031	300.0403811	0.3
525.5781	300.5244928	0.3
525.9531	298.8281657	0.3
526.3281	300.5167862	0.3
526.7031	300.1379663	0.3
527.0781	299.1218213	0.3
527.4531	299.7790762	0.3
527.8281	300.4495345	0.3
528.2031	300.0988593	0.3
528.5781	300.2300504	0.3
528.9531	299.6582892	0.3
529.3281	298.7898727	0.3
529.7031	298.4596153	0.3
530.0781	300.1125455	0.3
530.4531	299.7707707	0.3
530.8281	300.1313574	0.3
531.2031	300.0315859	0.3
531.5781	300.682022	0.3
531.9531	300.2687593	0.3
532.3281	299.7494461	0.3
532.7031	300.1583518	0.3
533.0781	298.4138001	0.3
533.4531	298.465017	0.3
533.8281	299.8112789	0.3
534.2031	300.4072366	0.3
534.5781	301.3723331	0.3
534.9531	300.4797381	0.3
535.3281	300.1826955	0.3
535.7031	300.4114949	0.3
536.0781	299.8766685	0.3
536.4531	299.7716915	0.3
536.8281	299.9995354	0.3
537.2031	301.0464453	0.3
537.5781	300.2772974	0.3
537.9531	300.0686832	0.3
538.3281	299.7091394	0.3
538.7031	299.9553533	0.3
539.0781	299.0868869	0.3
539.4531	300.1287032	0.3
539.8281	299.3475139	0.3
540.2031	299.7356914	0.3
540.5781	299.7132005	0.3
540.9531	299.3993866	0.3
541.3281	300.0435367	0.3
541.7031	300.880086	0.3
542.0781	300.3061563	0.3
542.4531	299.793581	0.3
542.8281	299.70241	0.3
543.2031	299.2717831	0.3
543.5781	299.539591	0.3
543.9531	299.8083587	0.3
544.3281	299.396191	0.3
544.7031	300.2665761	0.3
545.0781	299.4256078	0.3
545.4531	299.5501668	0.3
545.8281	300.3377232	0.3
546.2031	300.5666869	0.3
546.5781	298.9893994	0.3
546.9531	300.3178488	0.3
547.3281	299.5621889	0.3
547.7031	298.7580628	0.3
548.0938	299.674639	0.3
548.4688	300.5010446	0.3
548.8438	300.3219488	0.3
549.2188	299.896551	0.3
549.6094	299.8562176	0.3
550	300.1912567	0.3
550375	299.4963381	0.3
550.7656	299.2488045	0.3
551.1563	300.4929143	0.3
551.5313	300.0287384	0.3
551.9219	300.4913426	0.3
552.3125	299.2589179	0.3
552.6875	299.1429484	0.3
553.0781	299.3553751	0.3
553.4531	299.4859818	0.3
553.8281	299.4806588	0.3
554.2031	299.1828614	0.3
554.5938	299.4700952	0.3
554.9688	301.0199612	0.3
555.3594	299.7489566	0.3
555.75	299.4819121	0.3
556125	299.2033369	0.3
556.5	299.938307	0.3
556.8906	297.8289243	0.3
557.2813	298.7471534	0.3
557.6719	299.3573225	0.3
558.0625	299.7062797	0.3
558.4375	299.4250308	0.3
558.8281	300.7717028	0.3
559.2188	297.9048706	0.3
559.6094	299.7876234	0.3
560	299.3119785	0.3
560.3906	299.7333027	0.3
560.7813	300.5392075	0.3
561.1563	299.3291053	0.3
561.5469	298.9015787	0.3
561.9375	300.8203048	0.3
562.3281	300.1295026	0.3
562.7188	299.551214	0.3
563.1094	299.4088141	0.3
563.5	299.4707312	0.3
563.8906	298.9512161	0.3
564.2813	299.1219839	0.3
564.6719	299.5626437	0.3
565.0625	300.7700308	0.3
565.4531	299.1934401	0.3
565.8438	299.4622308	0.3
566.2344	299.1707107	0.3
566625	298.3024657	0.3
567.0156	301.0250933	0.3
567.4063	299.1927101	0.3
567.7969	299.5418209	0.3
568.1875	300.4341833	0.3
568.5781	298.9011749	0.3
568.9688	299.1017312	0.3
569.3594	299.5565217	0.3
569.75	299.3849734	0.3
570.1406	299.3359218	0.3
570.5313	299.7695955	0.3
570.9219	299.9502406	0.3
571.3125	299.5127547	0.3
571.7031	299.0263048	0.3
572.0938	299.0823171	0.3
572.4844	299.1048049	0.3
572875	299.8492067	0.3
573.2656	299.2378259	0.3
573.6563	299.3776749	0.3
574.0469	299.8268052	0.3
574.4375	299.1822334	0.3
574.8281	299.3464832	0.3
575.2188	299.3848903	0.3
575.6094	299.1275414	0.3
576	298.9422303	0.3
576.3906	301.150283	0.3
576.7813	300.4653256	0.3
577.1719	299.669589	0.3
577.5625	299.504	0.3
577.9531	298.7580661	0.3
578.3438	299.0633132	0.3
578.7344	299.5200783	0.3
579125	298.4132825	0.3
579.5156	299.7547898	0.3
579.9063	299.2388434	0.3
580.2969	299.1844286	0.3
580.6875	299.6037322	0.3
581.0781	298.3313966	0.3
581.4688	299.3570132	0.3
581.8594	299.0417137	0.3
582.25	299.3925898	0.3
582.6406	299.3239182	0.3
583.0313	299.1022254	0.3
583.4219	300.3552747	0.3
583.8125	300.9080337	0.3
584.2031	299.3364241	0.3
584.5938	298.5059678	0.3
584.9844	299.2707675	0.3
585375	299.3218507	0.3
585.7656	299.6807817	0.3
586.1563	299.0369113	0.3
586.5469	299.5403959	0.3
586.9375	298.8509094	0.3
587.3281	299.1842668	0.3
587.7188	299.1991239	0.3
588.1094	299.6004402	0.3
588.5	298.9105116	0.3
588.8906	299.2270397	0.3
589.2813	299.4990476	0.3
589.6719	299.4989993	0.3
590.0625	298.9739462	0.3
590.4531	299.6621661	0.3
590.8438	298.9779309	0.3
591.2344	297.2281888	0.3
591625	299.418179	0.3
592.0156	298.6880069	0.3
592.4063	299.3813154	0.3
592.7969	299.0876458	0.3
593.1875	299.9718502	0.3
593.5781	296.997092	0.3
593.9688	299.4030994	0.3
594.3594	300.3022779	0.3
594.75	299.7380441	0.3
595.1406	298.9012725	0.3
595.5313	299.6240964	0.3
595.9219	299.8049534	0.3
596.3125	298.7859226	0.3
596.7031	299.2135964	0.3
597.0938	300.0874422	0.3
597.4844	299.5093317	0.3
597.8906	298.7478754	0.3
598.2813	299.1938271	0.3
598.6719	298.8544641	0.3
599.0625	298.780824	0.3
599.4531	299.6495798	0.3
599.8438	299.2866452	0.3
600.2344	296.9546648	0.3
600.6406	299.0499407	0.3
601.0313	298.8980753	0.3
601.4219	299.5334925	0.3
601.8125	299.3909053	0.3
602.2031	299.2363233	0.3
602.6094	299.3617265	0.3
603	298.904224	0.3
603.3906	299.0753809	0.3
603.7813	299.3635013	0.3
604.1719	299.3443262	0.3
604.5625	299.5687424	0.3
604.9688	297.1698011	0.3
605.3594	299.1473988	0.3
605.75	299.4094059	0.3
606.1563	297.7829239	0.3
606.5469	298.9877275	0.3
606.9375	299.3023548	0.3
607.3281	297.1952465	0.3
607.7188	299.5688997	0.3
608.1094	298.5416412	0.3
608.5156	298.7992407	0.3
608.9219	299.3775397	0.3
609.3125	298.49248	0.3
609.7188	298.9281573	0.3
610125	298.7421577	0.3
610.5313	298.8039798	0.3
610.9219	299.000723	0.3
611.3281	299.2812716	0.3
611.7344	298.5446443	0.3
612125	298.9620895	0.3
612.5313	299.4101263	0.3
612.9375	297.9603783	0.3
613.3438	299.4707089	0.3
613.75	298.80249	0.3
614.1563	299.8818266	0.3
614.5625	300.2669724	0.3
614.9688	298.0460444	0.3
615375	299.3121662	0.3
615.7813	298.542781	0.3
616.1875	299.0196076	0.3
616.5938	298.302852	0.3
617	299.9412908	0.3
617.4063	299.2004995	0.3
617.8125	298.9430597	0.3
618.2031	297.2526167	0.3
618.6094	298.7816563	0.3
619.0156	298.8532359	0.3
619.4219	298.4997028	0.3
619.8281	298.6287861	0.3
620.2344	298.0036544	0.3
620.6406	298.4730784	0.3
621.0469	299.2143327	0.3
621.4531	299.6423603	0.3
621.8594	298.8701796	0.3
622.2656	299.5192707	0.3
622.6719	299.6495485	0.3
623.0781	299.8964834	0.3
623.4844	298.8646487	0.3
623.8906	298.648199	0.3
624.2969	299.1032928	0.3
624.7031	298.6888324	0.3
625.1094	297.4769825	0.3
625.5156	299.4225859	0.3
625.9219	299.505129	0.3
626.3281	298.8510629	0.3
626.7344	300.3151037	0.3
627.1406	298.8611503	0.3
627.5469	299.1832447	0.3
627.9531	298.4639698	0.3
628.3594	296.6241895	0.3
628.7656	298.7081817	0.3
629.1719	299.1331317	0.3
629.5781	298.5336555	0.3
629.9844	298.6677145	0.3
630.3906	298.6953105	0.3
630.7969	298.8344733	0.3
631.2031	298.8130521	0.3
631.6094	299.6843254	0.3
632.0156	299.7881775	0.3
632.4219	297.1181027	0.3
632.8281	299.8410985	0.3
633.2344	299.2462015	0.3
633.6406	298.3245671	0.3
634.0469	298.314845	0.3
634.4531	298.5648409	0.3
634.8594	298.554557	0.3
635.2656	298.1942726	0.3
635.6719	298.642831	0.3
636.0781	299.0553884	0.3
636.4844	298.9682422	0.3
636.8906	298.7240732	0.3
637.2969	299.6386457	0.3
637.7031	298.2956274	0.3
638.1094	298.5582171	0.3
638.5156	298.6711991	0.3
638.9219	298.1255162	0.3
639.3281	297.4973099	0.3
639.7344	299.8095033	0.3
640.1406	297.3917802	0.3
640.5469	298.6365239	0.3
640.9531	298.3850015	0.3
641.3594	299.2902758	0.3
641.7656	297.5779616	0.3
642.1719	296.8793146	0.3
642.5781	298.2940775	0.3
642.9844	297.0443545	0.3
643.3906	299.3332639	0.3
643.7969	298.0970822	0.3
644.2031	299.8547122	0.3
644.6094	299.029214	0.3
645.0156	297.2504636	0.3
645.4219	298.63661	0.3
645.8281	298.4527846	0.3
646.2344	299.5127205	0.3
646.6406	298.701142	0.3
647.0469	298.6311482	0.3
647.4531	298.6379914	0.3
647.8594	298.5467248	0.3
648.2656	300.3398514	0.3
648.6719	298.3870909	0.3
649.0781	298.6094405	0.3
649.4844	298.6997872	0.3
649.8906	298.5327458	0.3
650.2969	298.4575462	0.3
650.7031	298.4997851	0.3
651.1094	298.982156	0.3
651.5313	297.4041322	0.3
651.9375	298.408732	0.3
652.3438	298.6242887	0.3
652.75	298.4257809	0.3
653.1563	296.9453959	0.3
653.5781	297.087456	0.3
653.9844	298.2822904	0.3
654.3906	298.6194055	0.3
654.7969	298.3110883	0.3
655.2031	298.1791472	0.3
655.6094	298.2899528	0.3
656.0156	299.0091432	0.3
656.4375	298.5761952	0.3
656.8438	298.7511591	0.3
657.25	298.5092383	0.3
657.6563	299.0260811	0.3
658.0781	298.364313	0.3
658.4844	299.00269	0.3
658.9063	298.466721	0.3
659.3125	297.7579763	0.3
659.7344	298.129427	0.3
660.1563	298.6064434	0.3
660.5781	299.3816518	0.3
661	298.1237416	0.3
661.4219	298.0475118	0.3
661.8438	298.2171525	0.3
662.2656	298.5261785	0.3
662.6875	299.2072724	0.3
663.1094	298.5350265	0.3
663.5313	299.2981322	0.3
663.9375	298.401213	0.3
664.3594	298.6257688	0.3
664.7813	298.4010484	0.3
665.2031	298.9346637	0.3
665625	298.3209445	0.3
666.0469	298.5552128	0.3
666.4688	298.604457	0.3
666.8906	298.3020645	0.3
667.3125	296.8885973	0.3
667.7344	297.6694632	0.3
668.1563	298.5159772	0.3
668.5781	298.2556392	0.3
669	298.8331859	0.3
669.4219	299.0331257	0.3
669.8438	298.4181045	0.3
670.2656	298.9194175	0.3
670.6875	298.1982167	0.3
671.1094	298.5265748	0.3
671.5313	298.0714306	0.3
671.9531	297.9228768	0.3
672375	297.9617642	0.3
672.7969	298.7025124	0.3
673.2188	297.160961	0.3
673.6406	299.1665402	0.3
674.0625	298.4997201	0.3
674.4688	295.9553008	0.3
674.8906	298.7625792	0.3
675.3125	298.8294245	0.3
675.7344	299.1921401	0.3
676.1563	298.6838098	0.3
676.5781	298.5100904	0.3
677	296.6757758	0.3
677.4219	296.4847139	0.3
677.8438	296.7813288	0.3
678.2656	297.8038278	0.3
678.6875	298.1917738	0.3
679.1094	298.3836944	0.3
679.5313	298.532279	0.3
679.9531	298.6060106	0.3
680375	298.6090868	0.3
680.7969	298.732476	0.3
681.2188	298.6572241	0.3
681.6406	298.1768097	0.3
682.0625	298.2543208	0.3
682.4844	297.9690741	0.3
682.9063	298.6788222	0.3
683.3281	298.5829507	0.3
683.75	298.7904925	0.3
684.1719	297.1521773	0.3
684.5938	299.590032	0.3
685.0156	298.3620003	0.3
685.4375	297.6943982	0.3
685.8594	299.6205231	0.3
686.2813	298.0128344	0.3
686.7031	298.0196177	0.3
687125	297.0595969	0.3
687.5469	298.3668553	0.3
687.9688	297.8430378	0.3
688.3906	298.2427372	0.3
688.8125	298.24168	0.3
689.2344	298.097294	0.3
689.6563	298.2447477	0.3
690.0781	298.0121743	0.3
690.5	298.7780781	0.3
690.9219	298.1385607	0.3
691.3438	298.2804407	0.3
691.7656	298.54685	0.3
692.1875	298.2841448	0.3
692.6094	298.6837073	0.3
693.0313	297.8621276	0.3
693.4531	298.5995597	0.3
693875	298.5117958	0.3
694.2969	296.9526067	0.3
694.7188	298.1349056	0.3
695.1406	299.9351966	0.3
695.5625	298.1957931	0.3
695.9844	298.6634463	0.3
696.4063	298.050718	0.3
696.8281	296.4836182	0.3
697.25	297.6791648	0.3
697.6719	298.0877832	0.3
698.0938	299.5603945	0.3
698.5156	298.4606147	0.3
698.9375	298.5292702	0.3
699.3594	298.5975277	0.3
699.7813	299.0760323	0.3
700.2031	297.9909008	0.3
700625	298.5017729	0.3
701.0469	297.654949	0.3
701.4688	298.1585962	0.3
701.8906	298.2180851	0.3
702.3125	297.2715108	0.3
702.7344	298.5466914	0.3
703.1563	299.5577474	0.3
703.5781	296.751068	0.3
704	298.6451296	0.3
704.4219	298.187787	0.3
704.8438	296.1707364	0.3
705.2656	298.0081591	0.3
705.6875	296.6738528	0.3
706.1094	298.4559959	0.3
706.5313	298.1707451	0.3
706.9531	297.9462777	0.3
707375	298.7011741	0.3
707.7969	297.8276744	0.3
708.2188	299.6117944	0.3
708.6563	297.8308553	0.3
709.0781	297.5720549	0.3
709.5	297.9645213	0.3
709.9219	299.1425697	0.3
710.3594	298.3989123	0.3
710.7813	298.0255223	0.3
711.2031	296.1352783	0.3
711625	297.8021937	0.3
712.0469	298.1439528	0.3
712.4688	298.515914	0.3
712.8906	298.2752054	0.3
713.3125	298.344027	0.3
713.75	297.8206395	0.3
714.1719	298.1209535	0.3
714.6094	298.4261268	0.3
715.0469	297.8630085	0.3
715.4688	298.1937308	0.3
715.9063	296.7810071	0.3
716.3438	298.4641532	0.3
716.7813	298.0155414	0.3
717.2188	298.1520204	0.3
717.6406	297.7326496	0.3
718.0781	298.1096168	0.3
718.5156	297.8043372	0.3
718.9531	297.8443561	0.3
719375	297.8832162	0.3
719.8125	298.0037076	0.3
720.25	296.2158215	0.3
720.6875	297.4432173	0.3
721.1094	297.2166783	0.3
721.5469	299.7535889	0.3
721.9844	296.9584238	0.3
722.4219	298.4531375	0.3
722.8594	299.217846	0.3
723.2969	297.8464506	0.3
723.7344	298.2810058	0.3
724.1719	297.7812349	0.3
724.6094	297.9241059	0.3
725.0469	298.0643842	0.3
725.4688	298.0792821	0.3
725.9063	296.1479664	0.3
726.3438	298.321282	0.3
726.7813	297.9167159	0.3
727.2188	298.1080455	0.3
727.6563	297.933417	0.3
728.0938	297.9139377	0.3
728.5313	297.710549	0.3
728.9688	298.1238636	0.3
729.4063	297.6739094	0.3
729.8438	297.915864	0.3
730.2813	298.2908171	0.3
730.7188	298.1611161	0.3
731.1563	298.1150041	0.3
731.5938	297.7618616	0.3
732.0313	297.7500595	0.3
732.4688	298.5956583	0.3
732.9063	298.5759389	0.3
733.3438	298.2588562	0.3
733.7813	296.3727662	0.3
734.2188	298.9524564	0.3
734.6563	298.0043728	0.3
735.0938	298.1927455	0.3
735.5313	296.8147613	0.3
735.9688	297.9790829	0.3
736.4063	297.7917856	0.3
