		
.03125	88.057873843596	0.00001
.15625	88.0483880558983	0.00001
.28125	88.1468115731406	0.00001
.40625	88.4746863580161	0.00001
.53125	88.1490651817679	0.00001
.65625	87.9211900850077	0.00001
.78125	87.8686261310649	0.00001
.90625	88.2111566283357	0.00001
1.03125	87.8282352674127	0.00001
1.15625	87.5879653798492	0.00001
1.28125	87.555357000234	0.00001
1.40625	87.6165179235277	0.00001
1.53125	87.8807344849183	0.00001
1.65625	87.5661619084459	0.00001
1.78125	87.3222578802109	0.00001
1.90625	87.1741747119235	0.00001
2.03125	87.5466502025124	0.00001
2.15625	87.1734136000648	0.00001
2.28125	87.1243152284509	0.00001
2.40625	86.9071407912856	0.00001
2.53125	86.9835826865973	0.00001
2.65625	86.8796218814227	0.00001
2.78125	86.8035218253741	0.00001
2.90625	86.6487095123181	0.00001
3.03125	86.5635768022468	0.00001
3.15625	86.6912312643721	0.00001
3.28125	86.4101139650528	0.00001
3.40625	86.176335860995	0.00001
3.53125	86.2158987262491	0.00001
3.65625	86.1210756697071	0.00001
3.78125	85.649101322708	0.00001
3.90625	85.9913043331954	0.00001
4.03125	85.782325761363	0.00001
4.15625	86.0505618613601	0.00001
4.28125	85.6577684622687	0.00001
4.40625	85.8628468977453	0.00001
4.53125	85.4706122136875	0.00001
4.65625	85.3594193141783	0.00001
4.78125	85.4481066203048	0.00001
4.90625	85.3459268338091	0.00001
5.03125	85.337436829579	0.00001
5.15625	85.0281606793688	0.00001
5.28125	85.1853788045941	0.00001
5.40625	84.9887603538619	0.00001
5.53125	84.9677174652694	0.00001
5.65625	84.9302007647606	0.00001
5.78125	84.7300739533892	0.00001
5.90625	84.7756768288072	0.00001
6.03125	84.6096064775641	0.00001
6.15625	84.5286322972711	0.00001
6.28125	84.3453466017548	0.00001
6.40625	84.3896264802286	0.00001
6.53125	84.2899163923073	0.00001
6.65625	84.1988705036142	0.00001
6.78125	83.7292187424986	0.00001
6.90625	84.0553060152591	0.00001
7.03125	83.9922031325204	0.00001
7.15625	83.7975846193861	0.00001
7.28125	83.7971896190712	0.00001
7.40625	83.7798384377865	0.00001
7.53125	83.8146877782347	0.00001
7.65625	83.5814689177408	0.00001
7.78125	83.5870071423392	0.00001
7.90625	83.4731501683671	0.00001
8.03125	83.3706096258998	0.00001
8.15625	82.9663910063592	0.00001
8.28125	83.1423047865227	0.00001
8.40625	82.8313471311054	0.00001
8.53125	82.9824483470208	0.00001
8.65625	82.946939592798	0.00001
8.78125	82.5317566352037	0.00001
8.90625	82.753095885876	0.00001
9.03125	82.8497624768429	0.00001
9.15625	82.6002511882401	0.00001
9.28125	82.5804243849951	0.00001
9.40625	82.4650965138115	0.00001
9.53125	82.3390965396494	0.00001
9.65625	82.336326881159	0.00001
9.78125	82.2815895490307	0.00001
9.90625	82.4877079172398	0.00001
10.03125	82.1428192778723	0.00001
10.15625	82.106178139061	0.00001
10.28125	82.1592456930964	0.00001
10.40625	82.0822697495058	0.00001
10.53125	81.9444903283296	0.00001
10.65625	81.9267886065551	0.00001
10.78125	81.4159865801422	0.00001
10.90625	81.6371478971225	0.00001
11.03125	81.6594893969579	0.00001
11.15625	81.0535575790525	0.00001
11.28125	81.2525002913776	0.00001
11.42188	80.9862589239937	0.00001
1.360.835	81.3193270898092	0.00001
11.70313	80.8495822707211	0.00001
11.84375	81.2387500591803	0.00001
11.98438	81.1272859816637	0.00001
12.125	81.0075022731446	0.00001
12.26563	80.9413992130671	0.00001
12.40625	80.9356521371401	0.00001
12.54688	80.7486245447508	0.00001
1.817.418	80.4506994635927	0.00001
12.82813	80.5813589318278	0.00001
12.96875	80.602302495061	0.00001
13.10938	80.7209919592379	0.00001
13.25	80.3497070225806	0.00001
13.39063	79.8416777079107	0.00001
13.53125	80.4499279938327	0.00001
13.67188	80.0326473786702	0.00001
13.8125	79.9149365096922	0.00001
13.95313	79.9641915226261	0.00001
14.09375	79.933388740523	0.00001
14.23438	79.8593960798404	0.00001
14	79.6867031710648	0.00001
14.51563	79.8500974876846	0.00001
14.65625	79.5124940594494	0.00001
14.79688	79.5285751255657	0.00001
14.9375	79.3991272335058	0.00001
15.07813	79.6289650867468	0.00001
15.21875	78.8811723094568	0.00001
15.35938	79.2795101773279	0.00001
15.64063	79.2083792833038	0.00001
15.64063	79.0510192217186	0.00001
15.78125	78.8590604665182	0.00001
15.92188	79.0936310076969	0.00001
16.0625	78.5175408668282	0.00001
16.20313	78.9487015619574	0.00001
16.34375	78.7311041111852	0.00001
16.48438	78.7519014748963	0.00001
16.625	78.6687120631779	0.00001
16.76563	78.3890341286797	0.00001
16.90625	78.3585699219182	0.00001
17.04688	77.9161133158719	0.00001
17.1875	78.32739067973	0.00001
17.32813	78.1630309311996	0.00001
17.46875	78.0668629933533	0.00001
17.60938	78.0974235733065	0.00001
17.75	77.5179097390005	0.00001
17.89063	77.9326327100023	0.00001
18.03125	77.8884569885553	0.00001
18.17188	77.8320284678851	0.00001
18.3125	77.8086244507033	0.00001
18.45313	77.4552999334528	0.00001
18.59375	77.6112105198604	0.00001
18.73438	77.4992857805838	0.00001
18.875	77.216540123203	0.00001
19.01563	77.4657090110586	0.00001
19.15625	77.4316954556909	0.00001
19.29688	77.4604245629899	0.00001
19.4375	76.8912016239639	0.00001
19.57813	77.238847029692	0.00001
19.71875	77.0688718612425	0.00001
19.85938	76.9754039132515	0.00001
20	76.9036164024681	0.00001
20.14063	76.9663088244186	0.00001
20.28125	76.7693464251806	0.00001
20.42188	76.7844410721263	0.00001
20.5625	76.61741402249	0.00001
20.70313	76.6689913946554	0.00001
20.84375	76.5548509339543	0.00001
20.98438	76.4922899666139	0.00001
21.125	76.4713958153602	0.00001
21.26563	76.654675916107	0.00001
21.40625	76.2399068160972	0.00001
21.54688	76.1171007569989	0.00001
21.6875	76.1983111140664	0.00001
21.82813	76.4949536793333	0.00001
21.96875	75.9972218526831	0.00001
22.10938	75.9018645441602	0.00001
22.25	75.8562499374963	0.00001
22.39063	75.3772166083452	0.00001
22.53125	75.8751144027475	0.00001
22.67188	75.4096586415838	0.00001
22.8125	75.8252070609839	0.00001
22.95313	75.7863993456652	0.00001
23.09375	75.7115821065343	0.00001
23.23438	75.5770691316103	0.00001
23.375	75.5341182156015	0.00001
23.51563	75.1823003997318	0.00001
23.65625	75.3381613548325	0.00001
23.79688	75.3204383789578	0.00001
23.9375	75.2350048995495	0.00001
24.07813	74.9508435911964	0.00001
24.21875	75.0802369239314	0.00001
24.35938	74.9689046735787	0.00001
24.64063	74.9928504720198	0.00001
24.64063	74.9137578071227	0.00001
24.78125	74.8415193741076	0.00001
24.92188	74.8385339689256	0.00001
25.0625	74.6760307963257	0.00001
25.20313	74.9659847309217	0.00001
25.34375	74.4818181812715	0.00001
25.48438	74.5779909712079	0.00001
25.76563	74.4493220512021	0.00001
25.76563	74.3792040195934	0.00001
25.90625	74.7348427395024	0.00001
26.04688	74.2964246353944	0.00001
26.1875	74.1721264976476	0.00001
26.32813	74.2535741838268	0.00001
26.46875	74.1642700569738	0.00001
26.60938	74.0859046672851	0.00001
26.75	73.8218151046842	0.00001
26.89063	73.9072855415248	0.00001
27.03125	73.9819739453737	0.00001
27.17188	73.8038437270225	0.00001
27.3125	73.734918917636	0.00001
27.45313	73.7654318021319	0.00001
27.59375	73.6573784750182	0.00001
27.73438	73.264584614597	0.00001
27.875	73.5326974500774	0.00001
28.01563	73.561258649611	0.00001
28.15625	73.2495001563177	0.00001
28.29688	73.3763389495374	0.00001
28.4375	72.880358879151	0.00001
28.57813	72.9204633203347	0.00001
28.71875	73.06773975871	0.00001
28.85938	72.9601527261071	0.00001
29	73.0434518525975	0.00001
29.14063	73.1453486839026	0.00001
29.28125	72.696134153652	0.00001
29.4375	72.9068815848596	0.00001
29.59375	72.8883979896422	0.00001
29.75	72.888160498833	0.00001
29.90625	72.8080843012795	0.00001
30.0625	72.7285971467576	0.00001
30.21875	72.7338385424302	0.00001
30.6875	72.5286036689669	0.00001
30.53125	72.3494915668433	0.00001
30.6875	72.6178432909779	0.00001
30.84375	72.3713367615429	0.00001
31.46875	72.4759708943516	0.00001
31.15625	72.2653774186464	0.00001
31.3125	72.3056681289909	0.00001
31.46875	72.2965724473754	0.00001
31.625	72.1944027653462	0.00001
31.78125	72.0449884328087	0.00001
31.9375	72.4379239415863	0.00001
32.09375	72.3628484313211	0.00001
32.25	72.0209485945086	0.00001
32.40625	72.0871866999029	0.00001
32.5625	71.9279689258656	0.00001
32.71875	71.598629903107	0.00001
32.875	71.5227194672532	0.00001
33.03125	71.4381849400327	0.00001
33.1875	71.7030420590028	0.00001
33.34375	71.6250506422531	0.00001
33.5	71.5987629148921	0.00001
33.65625	71.326554892991	0.00001
33.8125	71.3613317111602	0.00001
33.96875	71.3744522390355	0.00001
34.125	71.3321301964084	0.00001
34.28125	70.6354337012341	0.00001
34.4375	70.990263618258	0.00001
34.59375	70.9706074256426	0.00001
34.75	70.6213289604705	0.00001
34.90625	70.9113702033584	0.00001
35.0625	70.99486795695	0.00001
35.21875	70.8451172237762	0.00001
35.375	70.6809006748513	0.00001
35.53125	70.6876885608804	0.00001
35.6875	70.2827875437008	0.00001
35.84375	70.5305154300177	0.00001
36	70.5532892745255	0.00001
36.15625	70.5582695722276	0.00001
36.3125	70.4388772367391	0.00001
36.46875	69.9284829794584	0.00001
36.625	70.425015644445	0.00001
36.78125	69.8163515583585	0.00001
36.9375	70.0833986993983	0.00001
37.09375	70.0400277674589	0.00001
37.25	69.8192797023982	0.00001
37.40625	70.2642143593043	0.00001
37.5625	70.1790949907877	0.00001
37.71875	70.0224204772638	0.00001
37.875	69.7587061781979	0.00001
38.03125	69.9337054610707	0.00001
38.1875	69.8249349720224	0.00001
38.34375	69.6317443681228	0.00001
38.5	69.2208569086833	0.00001
38.65625	69.5507237214414	0.00001
38.8125	69.1601856746115	0.00001
38.96875	69.5210696917202	0.00001
39.125	69.4684204045058	0.00001
39.28125	69.4873520532871	0.00001
39.4375	69.4267786443448	0.00001
39.59375	69.2828919867474	0.00001
39.75	69.212942141132	0.00001
39.90625	69.3014447803389	0.00001
40.0625	69.2454817553462	0.00001
40.21875	69.1290325172635	0.00001
40.375	69.0604628817307	0.00001
40.53125	69.1192285094166	0.00001
40.6875	68.947962547539	0.00001
40.84375	68.8492334343577	0.00001
41	69.0053132318835	0.00001
41.15625	68.7798762362894	0.00001
41.3125	68.609729263972	0.00001
41.46875	69.0030237965133	0.00001
41.625	69.0416392812203	0.00001
41.78125	68.8275091533862	0.00001
41.9375	68.5703911261076	0.00001
42.09375	68.5996240293102	0.00001
42.25	68.467870654394	0.00001
42.40625	68.4061015714796	0.00001
42.5625	68.4980715942148	0.00001
42.71875	68.4034128642066	0.00001
42.875	68.623347890818	0.00001
43.03125	68.1449753649698	0.00001
43.1875	68.1037383714165	0.00001
43.34375	67.6961830563978	0.00001
43.5	67.9836192254499	0.00001
43.65625	68.4202088056922	0.00001
43.8125	68.0735359475805	0.00001
43.96875	68.091499518892	0.00001
44.125	67.8303550633085	0.00001
44.28125	67.581675582228	0.00001
44.4375	67.739424370238	0.00001
44.59375	67.8135665200451	0.00001
44.75	67.7273347405094	0.00001
44.90625	67.5094688323455	0.00001
45.0625	68.0829166022935	0.00001
45.21875	67.3434413253679	0.00001
45.375	67.6480022260735	0.00001
45.53125	67.3130323504802	0.00001
45.6875	67.4087453301949	0.00001
45.84375	67.3624151518575	0.00001
46	67.3106619233369	0.00001
46.15625	67.7688130078918	0.00001
46.3125	67.3379368567301	0.00001
46.46875	67.1293876708667	0.00001
46.625	67.6303165809445	0.00001
46.78125	67.1086824379407	0.00001
46.9375	66.9744621725091	0.00001
47.09375	66.9134165797255	0.00001
47.25	66.9028872049745	0.00001
47.40625	66.9665283118121	0.00001
47.5625	66.8326314281955	0.00001
47.71875	66.8168215165929	0.00001
47.875	66.7820362357697	0.00001
48.03125	66.6897567046951	0.00001
48.1875	66.5333055841538	0.00001
48.34375	66.2519901373246	0.00001
48.5	66.5967585276281	0.00001
48.65625	66.1137750925732	0.00001
48.8125	66.5787310680819	0.00001
48.96875	66.3477333083244	0.00001
49.125	66.4300423296342	0.00001
49.28125	66.3607853795419	0.00001
49.4375	66.4361163901151	0.00001
49.60938	66.5941413157975	0.00001
49.76563	66.3299948354081	0.00001
49.92188	66.2861267668725	0.00001
50.07813	66.1697922317467	0.00001
50.23438	65.8547110671321	0.00001
50.39063	65.9821978100663	0.00001
50.54688	66.0066329527463	0.00001
50.71875	66.101957971663	0.00001
50.89063	65.8896466403688	0.00001
51.0625	65.5656059861787	0.00001
51.23438	65.833794924833	0.00001
51.40625	65.8296851403186	0.00001
51.57813	65.5626690146104	0.00001
51.75	65.4597715787285	0.00001
51.92188	65.0755440935677	0.00001
52.09375	65.5028049718432	0.00001
52.26563	64.8652077399142	0.00001
52.4375	65.4521559405058	0.00001
52.60938	65.4696695228552	0.00001
52.78125	65.443274363928	0.00001
52.95313	65.1701200414555	0.00001
53.125	65.12737494489	0.00001
53.29688	65.1541095486999	0.00001
53.46875	64.5776049493493	0.00001
53.64063	65.0656163528883	0.00001
53.8125	65.1569691774226	0.00001
53.98438	64.9490157753566	0.00001
54.15625	65.3672544817887	0.00001
54.32813	65.1873633838891	0.00001
54.5	64.8351427569855	0.00001
54.67188	64.4025689839277	0.00001
54.84375	64.5836718064874	0.00001
55.01563	64.6795442203632	0.00001
55.1875	64.5288922335119	0.00001
55.35938	64.6324850128974	0.00001
55.53125	64.429718904834	0.00001
55.70313	64.4249758761102	0.00001
55.875	64.562918532545	0.00001
56.04688	64.2344035196485	0.00001
56.21875	64.4013774066059	0.00001
56.39063	64.3006080704631	0.00001
56.5625	64.3801879722617	0.00001
56.73438	64.309658727149	0.00001
56.90625	63.9974606730209	0.00001
57.07813	64.0928635989725	0.00001
57.25	63.8155244575205	0.00001
57.42188	64.1253630998737	0.00001
57.59375	63.4985620813254	0.00001
57.76563	63.8747711703777	0.00001
57.9375	63.8928352298066	0.00001
58.10938	63.3658974248922	0.00001
58.28125	63.7625351202892	0.00001
58.45313	63.8337838304366	0.00001
58.625	64.2171393760495	0.00001
58.79688	63.5369551620117	0.00001
58.96875	63.5384297109317	0.00001
59.14063	63.5883633546535	0.00001
59.3125	63.5052343069804	0.00001
59.48438	63.050087509947	0.00001
59.65625	63.4115649080834	0.00001
59.82813	63.4375035999836	0.00001
60	63.3328731867335	0.00001
60.17188	63.4172622479364	0.00001
60.34375	63.3398840108292	0.00001
60.51563	63.0785606071895	0.00001
60.6875	63.2086447497908	0.00001
60.85938	63.1209313090647	0.00001
61.03125	63.0625198383654	0.00001
61.20313	63.0024354988671	0.00001
61.375	63.0272776004193	0.00001
61.54688	63.0143168216847	0.00001
61.71875	62.8204182075394	0.00001
61.89063	62.8216984903405	0.00001
62.0625	62.9073184497938	0.00001
62.23438	62.6730453767562	0.00001
62.40625	62.7833291000092	0.00001
62.57813	62.6347779764742	0.00001
62.75	62.7304660152782	0.00001
62.92188	62.559450652773	0.00001
63.09375	62.5112474179211	0.00001
63.26563	62.4143597941567	0.00001
63.4375	62.4090797811116	0.00001
63.60938	62.4897317699537	0.00001
63.78125	62.4242441696618	0.00001
63.95313	62.2936899628274	0.00001
64.125	62.3548627199014	0.00001
64.29688	62.1270216200628	0.00001
64.46875	62.164269684884	0.00001
64.64063	62.1549706810888	0.00001
64.8125	62.075653671897	0.00001
64.98438	61.9923359232286	0.00001
65.15625	61.9115699930811	0.00001
65.32813	62.0214431902442	0.00001
65.5	62.0819470446066	0.00001
65.67188	61.7462333781494	0.00001
65.84375	61.7449012651387	0.00001
66.01563	61.6945036595257	0.00001
66.1875	61.2848891187461	0.00001
66.35938	61.8034494168117	0.00001
66.53125	61.6658877286868	0.00001
66.70313	61.5637031919744	0.00001
66.875	61.5616303193319	0.00001
67.04688	61.5568279562445	0.00001
67.21875	61.6430739524329	0.00001
67.39063	61.5644648726606	0.00001
67.5625	61.4474504816822	0.00001
67.73438	61.392586031931	0.00001
67.90625	61.3955949027972	0.00001
68.07813	61.5466039707597	0.00001
68.25	61.2126904832429	0.00001
68.42188	61.3386416391854	0.00001
68.59375	61.1758107438253	0.00001
68.76563	61.1178109012904	0.00001
68.9375	61.0180696077398	0.00001
69.10938	61.1197694404588	0.00001
69.28125	61.1391077397799	0.00001
69.45313	60.8549911403619	0.00001
69.625	60.8271349463451	0.00001
69.79688	60.7896636614892	0.00001
69.96875	61.1702606440306	0.00001
70.14063	60.7625591336659	0.00001
70.3125	60.7491625386875	0.00001
70.48438	60.6373614814477	0.00001
70.65625	60.7770243931932	0.00001
70.82813	60.3056556663143	0.00001
71	60.800261751989	0.00001
71.17188	60.5432357047639	0.00001
71.34375	60.4750800897603	0.00001
71.51563	60.4581742781949	0.00001
71.6875	60.4923106209023	0.00001
71.85938	60.5354756461483	0.00001
72.03125	60.4148639367123	0.00001
72.20313	60.634318714091	0.00001
72.375	60.251564359564	0.00001
72.54688	60.1219853689477	0.00001
72.73438	60.2037957024813	0.00001
72.92188	60.0593278124695	0.00001
73.09375	60.1079849076142	0.00001
73.28125	60.0614144435674	0.00001
73.46875	60.1630894215516	0.00001
73.65625	59.9518576996625	0.00001
73.84375	59.7895967844723	0.00001
74.03125	60.2760333538333	0.00001
74.21875	59.5434262140083	0.00001
74.40625	59.7094761355392	0.00001
74.59375	59.8212011966744	0.00001
74.78125	60.2648280751763	0.00001
74.96875	59.0911402839184	0.00001
75.15625	59.5388705827403	0.00001
75.34375	59.4863141035163	0.00001
75.53125	59.5115202656616	0.00001
75.71875	59.2653989526047	0.00001
75.90625	59.7661005790897	0.00001
76.09375	59.3341544945963	0.00001
76.28125	59.3275526201102	0.00001
76.46875	59.3391138399148	0.00001
76.65625	59.2423563132319	0.00001
76.84375	59.1181866060625	0.00001
77.03125	59.2858012279341	0.00001
77.21875	59.5352087448162	0.00001
77.40625	59.2354281469665	0.00001
77.59375	59.5241721290342	0.00001
77.78125	59.3093653078935	0.00001
77.96875	58.7018067440188	0.00001
78.15625	59.0669311646959	0.00001
78.34375	59.008803773656	0.00001
78.53125	58.8619298305883	0.00001
78.71875	58.1424336522545	0.00001
78.90625	58.6859440324097	0.00001
79.09375	58.6879178593032	0.00001
79.28125	58.7113261573956	0.00001
79.46875	58.8006819760049	0.00001
79.65625	58.5297500421269	0.00001
79.84375	58.4275402843828	0.00001
80.03125	58.5934089627905	0.00001
80.21875	58.4756661716078	0.00001
80.40625	58.5595609710601	0.00001
80.59375	58.6990241430365	0.00001
80.78125	58.3575793684256	0.00001
80.96875	58.3985129278173	0.00001
81.15625	58.2294183534174	0.00001
81.34375	58.1845144702293	0.00001
81.53125	58.3135392162629	0.00001
81.71875	58.1724557953932	0.00001
81.90625	57.8112690391673	0.00001
82.09375	57.9948470765078	0.00001
82.28125	57.8418570867629	0.00001
82.46875	58.3234143465568	0.00001
82.65625	58.0010863504114	0.00001
82.84375	57.6852890683217	0.00001
83.03125	57.9113822737033	0.00001
83.21875	57.6522154104367	0.00001
83.40625	57.8924643256562	0.00001
83.59375	57.7317239751834	0.00001
83.78125	57.555020679555	0.00001
83.96875	57.5357986909218	0.00001
84.15625	57.8231612496837	0.00001
84.34375	58.0810795434429	0.00001
84.53125	57.5095936113759	0.00001
84.71875	57.407684602185	0.00001
84.90625	57.4575709801114	0.00001
85.09375	57.4397024372432	0.00001
85.28125	56.5963211601763	0.00001
85.46875	57.2286060825206	0.00001
85.65625	57.0809660620216	0.00001
85.84375	57.2893278669013	0.00001
86.03125	57.2348140014993	0.00001
86.21875	56.4492610692683	0.00001
86.40625	57.0496494627601	0.00001
86.59375	57.502582130793	0.00001
86.78125	57.1097017404686	0.00001
86.96875	56.9922391700283	0.00001
87.15625	56.9327644127261	0.00001
87.34375	56.8559081771492	0.00001
87.53125	56.9731807615807	0.00001
87.71875	56.7651485991215	0.00001
87.90625	57.217526023711	0.00001
88.09375	56.7549458690185	0.00001
88.28125	56.7530285340856	0.00001
88.46875	56.6434854640107	0.00001
88.65625	56.733606864647	0.00001
88.84375	56.6294641002831	0.00001
89.03125	56.4171665561004	0.00001
89.21875	56.5020493871545	0.00001
89.40625	56.46761465164	0.00001
89.59375	55.6134965052518	0.00001
89.78125	56.5544704897623	0.00001
89.96875	56.2498526967614	0.00001
90.15625	55.862226874873	0.00001
90.34375	56.2583368651911	0.00001
90.53125	56.1032952236521	0.00001
90.71875	56.2689698167651	0.00001
90.90625	56.160146580829	0.00001
91.09375	56.320804656345	0.00001
91.28125	56.2599497472275	0.00001
91.46875	56.0106118873793	0.00001
91.65625	56.0503497995936	0.00001
91.84375	55.2894092970957	0.00001
92.03125	55.6690043125664	0.00001
92.21875	55.7559050021177	0.00001
92.40625	55.8423413156715	0.00001
92.59375	55.9147794575575	0.00001
92.78125	55.8048291409918	0.00001
92.96875	55.7119441602785	0.00001
93.15625	55.9218492480845	0.00001
93.34375	55.6053983951402	0.00001
93.53125	55.4728946688688	0.00001
93.71875	54.9381213830073	0.00001
93.90625	55.7272459553442	0.00001
94.09375	55.6867880509993	0.00001
94.28125	54.7623714828918	0.00001
94.46875	55.3565633105957	0.00001
94.65625	55.7530736309224	0.00001
94.84375	55.4505014452483	0.00001
95.03125	55.3732674972901	0.00001
95.21875	55.4909859958908	0.00001
95.40625	55.642452548563	0.00001
95.59375	55.2259078315218	0.00001
95.78125	55.3696114739238	0.00001
95.98438	55.0806501671031	0.00001
96.17188	55.1068987733015	0.00001
96.35938	54.9877296566136	0.00001
96.54688	54.9394541855883	0.00001
96.73438	54.9301209392774	0.00001
96.9375	54.972825693065	0.00001
97.14063	54.7959056302114	0.00001
97.34375	55.1039531234269	0.00001
97.53125	54.7576469512122	0.00001
97.73438	54.984588375549	0.00001
97.92188	54.7701246733493	0.00001
98.125	54.4781095123555	0.00001
98.32813	54.665794846636	0.00001
98.53125	54.4633156282062	0.00001
98.73438	54.7695170843972	0.00001
98.9375	54.4870506206404	0.00001
99.14063	54.4541013947069	0.00001
99.34375	54.4766463706049	0.00001
99.54688	54.4021461086923	0.00001
99.75	54.4410915609598	0.00001
99.95313	54.3179618004017	0.00001
100.1563	54.2341021118751	0.00001
100.3594	54.1880917147808	0.00001
100.5625	54.1176984031518	0.00001
100.7656	54.3243444958829	0.00001
100.9688	54.0436015346475	0.00001
101.1719	54.1383490715483	0.00001
101.375	53.9364534688633	0.00001
101.5781	53.8924524199879	0.00001
101.7813	54.1298411616648	0.00001
101.9844	54.4321976376654	0.00001
102.1875	53.8700545297815	0.00001
102.3906	53.8635162364012	0.00001
102.5938	53.8265208376228	0.00001
102.7969	53.8579411298628	0.00001
103	53.990201750982	0.00001
103.2031	53.6607162676459	0.00001
103.4063	53.9113088771402	0.00001
103.6094	53.7869556631755	0.00001
103.8125	53.715316913333	0.00001
104.0156	53.5053374985131	0.00001
104.2188	53.3746518969432	0.00001
104.4219	53.3841242107281	0.00001
104.625	53.5749753529366	0.00001
104.8281	53.8692857373703	0.00001
105.0313	53.9707201955411	0.00001
105.2344	53.4405195067179	0.00001
105.4375	53.2200543518051	0.00001
105.6406	53.3917449905181	0.00001
105.8438	53.3836702726046	0.00001
106.0469	52.7982927212866	0.00001
106.25	53.5795416293824	0.00001
106.4531	52.9407018101123	0.00001
106.6563	52.9061748755191	0.00001
106.8594	52.7989419077419	0.00001
107.0625	53.0233506970563	0.00001
107.2656	52.6024594238707	0.00001
107.4688	52.1833924991306	0.00001
107.6719	52.7624676238615	0.00001
107.875	52.9622802469244	0.00001
108.0781	52.8495170969118	0.00001
108.2813	52.6918938782555	0.00001
108.4844	52.8971297889856	0.00001
108.6875	52.6749548154374	0.00001
108.8906	52.5102311212744	0.00001
109.0938	52.7088696282846	0.00001
109.2969	52.6570561769979	0.00001
109.5	52.3824168032549	0.00001
109.7031	53.0433054090379	0.00001
109.9063	52.6331178492881	0.00001
110.1094	52.3740577235887	0.00001
110.3125	52.5816002108291	0.00001
110.5156	52.2627453042447	0.00001
110.7188	52.312220616777	0.00001
110.9219	52.3607466072454	0.00001
111.125	52.2518301683193	0.00001
111.3281	52.3960749322203	0.00001
111.5313	51.805641673103	0.00001
111.7344	51.8272032562216	0.00001
111.9375	52.0706926776087	0.00001
112.1406	51.9205466228624	0.00001
112.3438	51.2491208123693	0.00001
112.5469	52.0019833555008	0.00001
112.75	51.8717399294283	0.00001
112.9531	51.7624542755502	0.00001
113.1563	51.5607277843001	0.00001
113.3594	51.9252908410466	0.00001
113.5625	51.6838681057208	0.00001
113.7656	52.0168041861056	0.00001
113.9688	51.130049746306	0.00001
114.1719	51.6644753234469	0.00001
114.375	52.2215084329829	0.00001
114.5781	51.684254673663	0.00001
114.7813	51.2976965295044	0.00001
114.9844	51.5166736752217	0.00001
115.1875	51.512272554092	0.00001
115.3906	50.5850220746411	0.00001
115.5938	51.4986517029435	0.00001
115.7969	51.2219866726273	0.00001
116	51.9027804806236	0.00001
116.2031	51.3792675474952	0.00001
116.4063	51.4034675049558	0.00001
116.6094	51.3003435996794	0.00001
116.8125	51.1383117343357	0.00001
117.0156	51.3093584106773	0.00001
117.2188	51.701083922591	0.00001
117.4219	51.0007814898378	0.00001
117.625	50.9430661639928	0.00001
117.8281	50.9831611224778	0.00001
118.0313	51.2663586827056	0.00001
118.2344	50.2802005108964	0.00001
118.4375	51.0874021654746	0.00001
118.6406	51.0377573993272	0.00001
118.8438	50.9793463726015	0.00001
119.0469	50.7740378214348	0.00001
119.25	50.3036370739838	0.00001
119.4531	50.7729188714195	0.00001
119.6563	50.6926899072223	0.00001
119.8594	50.8198606897811	0.00001
120.0625	50.5524011876754	0.00001
120.2656	50.5003227102447	0.00001
120.4688	50.5455039590226	0.00001
120.6719	50.6825383836252	0.00001
120.875	50.6620133612008	0.00001
121.0781	50.472890201474	0.00001
121.2813	50.54557094967	0.00001
121.4844	50.863137919958	0.00001
121.7031	50.4565303184265	0.00001
121.9063	49.6958068678587	0.00001
122.125	50.2317712443568	0.00001
122.3281	50.2309468132094	0.00001
122.5313	50.3120103131179	0.00001
122.7344	50.2499630771244	0.00001
122.9375	50.2226934062257	0.00001
123.1406	50.1541723038991	0.00001
123.3438	50.0311713604331	0.00001
123.5469	49.988281769984	0.00001
123.75	50.48383654762	0.00001
123.9531	50.0181123366086	0.00001
124.1563	49.9265968823363	0.00001
124.3594	50.5815791143185	0.00001
124.5625	49.8041900316509	0.00001
124.7813	49.8525695933446	0.00001
125	49.8687361713041	0.00001
125.2031	49.6719492196274	0.00001
125.4219	49.6325897708146	0.00001
125.6406	49.9050079714435	0.00001
125.8594	49.5084395493266	0.00001
126.0781	49.7729490020695	0.00001
126.2969	49.5722612359852	0.00001
126.5156	49.7481940340789	0.00001
126.7344	49.448006210932	0.00001
126.9531	49.0388686613497	0.00001
127.1719	49.3241450019125	0.00001
127.3906	49.5536499570121	0.00001
127.6094	49.5607533950423	0.00001
127.8281	49.5185671450476	0.00001
128.0469	49.5868858740076	0.00001
128.2656	49.2729435219716	0.00001
128.4844	48.961439912172	0.00001
128.7031	49.2936989300434	0.00001
128.9219	49.2683622088584	0.00001
129.1406	48.4717390090098	0.00001
129.3594	49.0191679846431	0.00001
129.5781	49.0707838109914	0.00001
129.7969	48.9932415563353	0.00001
130.0156	48.8837917878079	0.00001
130.2344	49.4973207835723	0.00001
130.4531	48.9495592154589	0.00001
130.6719	49.0715742923167	0.00001
130.8906	48.9564816796039	0.00001
131.1094	48.8943534963108	0.00001
131.3281	49.1074232323018	0.00001
131.5469	48.9554228470851	0.00001
131.7656	48.88060928945	0.00001
131.9844	48.715139374287	0.00001
132.2031	49.1034230631309	0.00001
132.4219	48.9081508978754	0.00001
132.6406	48.570386757205	0.00001
132.8594	48.8223063486348	0.00001
133.0781	48.7682001014271	0.00001
133.2969	49.0389002332417	0.00001
133.5156	48.4336170029192	0.00001
133.7344	48.5913622318717	0.00001
133.9531	48.3996836447056	0.00001
134.1719	48.4375403246571	0.00001
134.3906	48.1127058927677	0.00001
134.6094	48.1805847657961	0.00001
134.8281	48.3431865986118	0.00001
135.0469	48.317397031501	0.00001
135.2656	47.5141104533083	0.00001
135.4844	47.4831073256562	0.00001
135.7031	48.4847822163995	0.00001
135.9219	48.2271384421703	0.00001
136.1406	48.4341240023922	0.00001
136.3594	48.260908551492	0.00001
136.5781	48.5273877296042	0.00001
136.7969	48.0140854709683	0.00001
137.0156	47.8835870008027	0.00001
137.2344	47.9353592794199	0.00001
137.4531	48.2681652029795	0.00001
137.6719	47.2957261161558	0.00001
137.8906	48.020026992246	0.00001
138.1094	47.95252455149	0.00001
138.3281	48.0354788577203	0.00001
138.5469	47.9493405975344	0.00001
138.7656	47.2374541265697	0.00001
138.9844	46.9847548892425	0.00001
139.2031	47.7590113661454	0.00001
139.4219	47.5858373648877	0.00001
139.6406	47.6032457482252	0.00001
139.8594	47.6765038085878	0.00001
140.0781	47.5453302016226	0.00001
140.2969	47.6231903382254	0.00001
140.5156	47.373599217442	0.00001
140.7344	47.1687488538287	0.00001
140.9531	47.2155982967497	0.00001
141.1719	47.7948517300849	0.00001
141.3906	47.4672637053188	0.00001
141.6094	47.5180736509037	0.00001
141.8281	47.4719360376273	0.00001
142.0469	47.5751828425934	0.00001
142.2656	47.4144874758361	0.00001
142.4844	47.1424108351677	0.00001
142.7031	47.3790776275564	0.00001
142.9219	47.0594285822011	0.00001
143.1406	46.7634970111256	0.00001
143.3594	47.0982275504096	0.00001
143.5781	47.352628151537	0.00001
143.7969	47.4725071605744	0.00001
144.0156	47.6800758335215	0.00001
144.2344	47.0102145842839	0.00001
144.4531	46.9756975687599	0.00001
144.6719	46.8831418789579	0.00001
144.8906	46.7710952270772	0.00001
145.1094	46.8227792882464	0.00001
145.3281	46.9210579312292	0.00001
145.5469	47.0034943039127	0.00001
145.7656	46.7987552148822	0.00001
145.9844	46.7497156687671	0.00001
146.2031	46.9348828091646	0.00001
146.4219	46.609832912253	0.00001
146.6406	46.7954686811426	0.00001
146.8594	46.7635683408478	0.00001
147.0781	46.6904011873836	0.00001
147.2969	47.2429123016989	0.00001
147.5156	46.6990068837867	0.00001
147.7344	46.5359826577331	0.00001
147.9531	46.0627987458829	0.00001
148.1719	46.6590060254717	0.00001
148.3906	46.584322283141	0.00001
148.6094	46.6734881264947	0.00001
148.8281	46.5173513121856	0.00001
149.0469	47.0578885730387	0.00001
149.2656	46.4079024445893	0.00001
149.4844	46.4138608865422	0.00001
149.7031	46.2968855683154	0.00001
149.9219	45.995618516449	0.00001
150.1406	46.1860493561315	0.00001
150.3594	46.117448007891	0.00001
150.5781	46.124886671022	0.00001
150.7969	46.0620980600237	0.00001
151.0156	46.3766285652394	0.00001
151.2344	46.1039746266873	0.00001
151.4531	46.4156485121832	0.00001
151.6719	45.9529999568358	0.00001
151.8906	46.1943616299427	0.00001
152.1094	46.1859418019327	0.00001
152.3438	46.1672809561233	0.00001
152.5781	45.7564546438637	0.00001
152.8125	45.9868692678437	0.00001
153.0469	46.7736549919472	0.00001
153.2656	45.2005004255798	0.00001
153.5	46.13685391638	0.00001
153.7344	45.9632642801416	0.00001
153.9688	46.104397906334	0.00001
154.2031	45.9509935397373	0.00001
154.4375	45.7015703947023	0.00001
154.6719	45.7242187828439	0.00001
154.8906	44.7681975004533	0.00001
155.125	45.6405906392764	0.00001
155.3594	45.4793554475614	0.00001
155.5938	44.8378466082976	0.00001
155.8281	45.4276626269583	0.00001
156.0625	45.7605380355867	0.00001
156.2969	45.414288651938	0.00001
156.5313	45.2859570716187	0.00001
156.7656	45.5721029329087	0.00001
157	45.450861232002	0.00001
157.2344	44.5355838881937	0.00001
157.4688	44.8638969851732	0.00001
157.7031	45.797991531704	0.00001
157.9375	45.5047174581516	0.00001
158.1719	45.1092643354506	0.00001
158.4063	45.1172416588017	0.00001
158.6406	45.3976123182373	0.00001
158.875	45.2414295318549	0.00001
159.1094	45.2567719399975	0.00001
159.3438	45.2198871430146	0.00001
159.5781	45.429455082812	0.00001
159.8125	45.4504474088725	0.00001
160.0469	44.957836846837	0.00001
160.2813	45.0845656735217	0.00001
160.5156	45.285564656002	0.00001
160.75	44.9022662371953	0.00001
160.9844	45.1679362575252	0.00001
161.2188	45.3311759015658	0.00001
161.4531	44.7084393626118	0.00001
161.6875	45.1152818351602	0.00001
161.9219	45.0289452182397	0.00001
162.1563	44.7642525595604	0.00001
162.3906	44.7546937981508	0.00001
162.625	45.1792516602437	0.00001
162.8594	44.8739300817016	0.00001
163.0938	44.7861499253913	0.00001
163.3281	44.8985541641912	0.00001
163.5625	45.4427507142852	0.00001
163.7969	44.5060083129558	0.00001
164.0313	44.7404066036125	0.00001
164.2656	44.7645172651911	0.00001
164.5	44.6643770329494	0.00001
164.7344	44.6852785240432	0.00001
164.9688	44.6127166843829	0.00001
165.2031	44.684434341843	0.00001
165.4375	44.6114618878146	0.00001
165.6719	44.5236076766469	0.00001
165.9063	44.5716247045294	0.00001
166.1406	43.7697848966163	0.00001
166.375	44.4090440980599	0.00001
166.6094	44.3742073864634	0.00001
166.8438	44.2359372487192	0.00001
167.0781	44.3905528786108	0.00001
167.3125	44.1997301850577	0.00001
167.5469	43.6191172761485	0.00001
167.7813	44.2633452443765	0.00001
168.0156	44.6530980894914	0.00001
168.25	44.2409739543893	0.00001
168.4844	43.5409723584155	0.00001
168.7188	44.5158208270429	0.00001
168.9531	44.0927034537083	0.00001
169.1875	44.0131111279587	0.00001
169.4219	44.1408057013308	0.00001
169.6563	44.2110665333251	0.00001
169.8906	43.1161825085506	0.00001
170.125	44.2650063013364	0.00001
170.3594	43.9596716490885	0.00001
170.5938	43.8335127546236	0.00001
170.8281	43.947053466056	0.00001
171.0625	43.8938832326255	0.00001
171.2969	43.8298795436193	0.00001
171.5313	43.7880547863071	0.00001
171.7656	43.9547842295784	0.00001
172	43.0340047155339	0.00001
172.2344	43.7751448264394	0.00001
172.4688	43.6265049016045	0.00001
172.7031	44.0953440176478	0.00001
172.9375	43.3538084404968	0.00001
173.1719	43.7613865346279	0.00001
173.4063	43.6192981264441	0.00001
173.6406	43.5032006465543	0.00001
173.875	43.7961688705776	0.00001
174.1094	43.4431378433533	0.00001
174.3438	43.7930020074256	0.00001
174.5781	43.6344875702747	0.00001
174.8125	43.5492273284349	0.00001
175.0469	43.4530525909401	0.00001
175.2813	43.5554469770836	0.00001
175.5156	43.3205834434378	0.00001
175.75	43.8953170697433	0.00001
175.9844	43.3826416483605	0.00001
176.2188	43.6419516726491	0.00001
176.4531	43.3077895638357	0.00001
176.6875	42.9691799388505	0.00001
176.9219	43.6879189693123	0.00001
177.1563	42.2914217471124	0.00001
177.3906	43.455020595076	0.00001
177.625	43.2087908020258	0.00001
177.8594	42.9365122403248	0.00001
178.0938	43.1018627438975	0.00001
178.3281	43.5212255194961	0.00001
178.5625	43.1346213228818	0.00001
178.7969	43.531138877323	0.00001
179.0313	43.0817463250855	0.00001
179.2656	43.0758192391898	0.00001
179.5	43.5027584103456	0.00001
179.7344	42.8596043668487	0.00001
179.9844	43.284169278894	0.00001
180.2188	42.9024407765173	0.00001
180.4531	42.9317326670197	0.00001
180.7031	43.0643202695018	0.00001
180.9375	43.1287075294106	0.00001
181.1719	42.864916331361	0.00001
181.4063	42.8988856447069	0.00001
181.6406	42.8249550021209	0.00001
181.875	42.9295983445212	0.00001
182.125	43.3469162113182	0.00001
182.3594	42.9108648609849	0.00001
182.5938	42.6818163915802	0.00001
182.8281	42.7888866851217	0.00001
183.0781	42.7374160199266	0.00001
183.3125	42.8461861453245	0.00001
183.5469	43.3217713419737	0.00001
183.7813	42.9362590811838	0.00001
184.0313	42.7636684730604	0.00001
184.2656	42.9655341893053	0.00001
184.5156	42.8807265803597	0.00001
184.7656	42.8029632853506	0.00001
185	42.6650576472426	0.00001
185.25	42.5592807756689	0.00001
185.5	42.394170744809	0.00001
185.7344	42.2732088247047	0.00001
185.9844	43.1977244845496	0.00001
186.2344	42.1606010763307	0.00001
186.4844	42.4266733030715	0.00001
186.7344	42.4132194767421	0.00001
186.9844	42.2592034626279	0.00001
187.2344	41.5344921037271	0.00001
187.4844	42.2712508008619	0.00001
187.7344	41.494627011836	0.00001
187.9844	41.3395217715293	0.00001
188.2344	42.4659229415832	0.00001
188.4844	42.7482191437774	0.00001
188.7344	42.481099193397	0.00001
188.9844	42.2282293784881	0.00001
189.2344	41.4792136955275	0.00001
189.4844	42.1364752697301	0.00001
189.7344	41.9570783443006	0.00001
189.9844	42.1014807188017	0.00001
190.2344	42.0423150025121	0.00001
190.4844	42.1198579091051	0.00001
190.7344	40.9805870599319	0.00001
190.9844	41.756536267632	0.00001
191.2344	41.9975321653084	0.00001
191.4844	41.9641976733886	0.00001
191.7344	41.7475240056079	0.00001
191.9844	41.914156161017	0.00001
192.2344	41.917261310279	0.00001
192.4844	41.7381967460752	0.00001
192.7344	41.9129370780013	0.00001
192.9844	41.7881104830764	0.00001
193.2344	41.9666033901301	0.00001
193.4844	41.6035705201511	0.00001
193.7344	41.6204450887028	0.00001
193.9844	41.6445347348067	0.00001
194.2344	41.6846805642743	0.00001
194.4844	41.5995164965599	0.00001
194.7344	42.314932483326	0.00001
194.9844	42.134467606954	0.00001
195.2344	42.1199111653722	0.00001
195.4844	41.4713727881267	0.00001
195.7344	41.8347959798361	0.00001
195.9844	41.6567713572906	0.00001
196.2344	42.3954421993166	0.00001
196.4844	41.3562595872923	0.00001
196.7344	42.3626350711597	0.00001
196.9844	41.7084478926114	0.00001
197.2344	41.5704939664657	0.00001
197.4844	41.4440275886326	0.00001
197.7344	41.8939288183001	0.00001
197.9844	40.5313596377148	0.00001
198.2344	41.2950824890371	0.00001
198.4844	41.428532640964	0.00001
198.7344	40.628777046065	0.00001
198.9844	42.0517627759567	0.00001
199.2344	41.5449415122721	0.00001
199.4844	41.3506554578781	0.00001
199.7344	41.3557232451504	0.00001
199.9844	41.0796208996845	0.00001
200.2344	41.0969944137881	0.00001
200.4844	41.0241450078397	0.00001
200.7344	41.0856405000538	0.00001
200.9844	41.1569599920851	0.00001
201.2344	40.3171142157858	0.00001
201.4844	41.1161517152899	0.00001
201.7344	41.7783961017708	0.00001
201.9844	41.1835878649931	0.00001
202.2344	41.0305432048354	0.00001
202.4844	40.8654988758236	0.00001
202.7344	41.0625253612889	0.00001
202.9844	40.31453208635	0.00001
203.2344	41.4161196587397	0.00001
203.4844	40.9106177449959	0.00001
203.7344	40.8890032877242	0.00001
203.9844	41.0011172168878	0.00001
204.2344	40.7256392484434	0.00001
204.4844	40.7275091951689	0.00001
204.7344	40.2566438716873	0.00001
204.9844	40.7602936198262	0.00001
205.2344	40.8009120595705	0.00001
205.4844	40.8795053772093	0.00001
205.7344	40.7073343871569	0.00001
205.9844	40.5844280809332	0.00001
206.2344	40.8937421014395	0.00001
206.4844	40.8743423031617	0.00001
206.7344	40.4376429562894	0.00001
206.9844	41.4152772686772	0.00001
207.2344	40.9463565045502	0.00001
207.4844	40.8508943358437	0.00001
207.7344	40.4903345282896	0.00001
207.9844	39.6786591047362	0.00001
208.2344	40.5721790729891	0.00001
208.4844	40.8544973648075	0.00001
208.7344	40.3022079583432	0.00001
208.9844	40.6369719156815	0.00001
209.2344	40.6186485338042	0.00001
209.4844	40.2834503514909	0.00001
209.7344	40.4056495547506	0.00001
209.9844	41.1279485888803	0.00001
210.2344	40.030538792813	0.00001
210.4844	40.2858592820776	0.00001
210.7344	40.0366164626984	0.00001
210.9844	40.4946004109513	0.00001
211.2344	40.4321507939959	0.00001
211.4844	40.2608169714722	0.00001
211.7344	40.3762470857066	0.00001
211.9844	39.4591016922796	0.00001
212.2344	40.2319679930593	0.00001
212.4844	40.9793084238508	0.00001
212.7344	40.1438261771584	0.00001
212.9844	40.3802129648147	0.00001
213.2344	39.7868049655753	0.00001
213.4844	40.0412074225276	0.00001
213.7344	40.0857353153901	0.00001
213.9844	40.1863888895726	0.00001
214.2344	39.959101858393	0.00001
214.4844	40.5222231323739	0.00001
214.75	40.655364618782	0.00001
215	40.2228568858363	0.00001
215.25	38.998126575744	0.00001
215.5156	39.8462520753234	0.00001
215.7813	40.0703733242408	0.00001
216.0313	39.9393049024051	0.00001
216.2813	40.210270049585	0.00001
216.5313	40.383155263587	0.00001
216.7969	39.9348042000006	0.00001
217.0625	39.975293422816	0.00001
217.3281	39.5730992492568	0.00001
217.5781	39.8346031486544	0.00001
217.8281	40.013130615198	0.00001
218.0938	39.7554633393626	0.00001
218.3594	39.8589464077487	0.00001
218.625	39.6135081767539	0.00001
218.8906	39.2238758683818	0.00001
219.1563	39.6090088857604	0.00001
219.4219	38.8444947869004	0.00001
219.6875	39.1028339772794	0.00001
219.9531	39.7308656892255	0.00001
220.2188	38.5583000957047	0.00001
220.4844	40.0851942364947	0.00001
220.75	39.5170151895594	0.00001
221.0156	39.6167627930538	0.00001
221.2656	39.5189448786535	0.00001
221.5313	39.9785783864478	0.00001
221.7969	39.295529488325	0.00001
222.0625	39.2761509756513	0.00001
222.3281	38.2592068794477	0.00001
222.5938	39.5451071801301	0.00001
222.8594	38.6771408811903	0.00001
223.125	39.2129812887761	0.00001
223.3906	39.2145036494126	0.00001
223.6563	40.0425858675669	0.00001
223.9219	39.3128570550256	0.00001
224.1875	39.2271862249593	0.00001
224.4531	39.641613832447	0.00001
224.7188	39.2101988028329	0.00001
224.9844	39.3663882928126	0.00001
225.25	39.3754390245201	0.00001
225.5156	39.2234027788003	0.00001
225.7813	39.3250755389146	0.00001
226.0469	39.9895769157673	0.00001
226.3125	39.1429105133908	0.00001
226.5781	39.1188767759525	0.00001
226.8438	38.943985665883	0.00001
227.1094	39.1233698412394	0.00001
227.375	39.1125249841761	0.00001
227.6406	39.3650620540544	0.00001
227.9063	38.9944863333504	0.00001
228.1719	38.9953916424067	0.00001
228.4375	38.8615998369377	0.00001
228.7031	38.9512908844955	0.00001
228.9688	39.929087490279	0.00001
229.2344	39.0022719114486	0.00001
229.5	38.9508877026315	0.00001
229.7656	39.6466709047216	0.00001
230.0313	38.9593886609264	0.00001
230.2969	38.8925558219144	0.00001
230.5625	38.5595014407587	0.00001
230.8281	38.9830263891031	0.00001
231.0938	37.8708315437149	0.00001
231.3594	38.4568936188083	0.00001
231.625	38.5544145291816	0.00001
231.8906	38.5343804406207	0.00001
232.1563	38.5343372739254	0.00001
232.4219	38.6286605821614	0.00001
232.6875	39.3179899685153	0.00001
232.9531	38.6675409174607	0.00001
233.2188	39.0276921330476	0.00001
233.4844	38.4088434458411	0.00001
233.75	38.1082033369099	0.00001
234.0156	38.2324139442415	0.00001
234.2813	37.1263217694469	0.00001
234.5469	38.4597088571308	0.00001
234.8125	38.5162670442168	0.00001
235.0781	38.5395870018994	0.00001
235.3438	38.5404549714193	0.00001
235.6094	38.5108133971075	0.00001
235.875	38.4845490171245	0.00001
236.1406	37.6843523546447	0.00001
236.4063	38.4918151952043	0.00001
236.6719	38.0396345879167	0.00001
236.9375	38.2795247156252	0.00001
237.2031	38.8047376297171	0.00001
237.4688	38.3377121120134	0.00001
237.7344	38.1970653557069	0.00001
238	38.7497143795139	0.00001
238.2656	39.142292981313	0.00001
238.5313	38.0227774681147	0.00001
238.7969	36.988470405066	0.00001
239.0625	38.0953302294227	0.00001
239.3281	38.2597010172328	0.00001
239.5938	39.0312403158208	0.00001
239.8594	37.3516048980291	0.00001
240.125	36.66923661258	0.00001
240.3906	38.3910469245659	0.00001
240.6563	37.6291571357323	0.00001
240.9219	38.5209693782027	0.00001
241.1875	36.61053350934	0.00001
241.4531	36.8675408088616	0.00001
241.7188	37.8942813046777	0.00001
241.9844	38.1057980356436	0.00001
242.25	39.016240504714	0.00001
242.5156	38.6111092145777	0.00001
242.7813	38.3635763068266	0.00001
243.0469	37.716962933736	0.00001
243.3125	37.5936552946879	0.00001
243.5781	38.5174084346661	0.00001
243.8438	37.7194707522501	0.00001
244.1094	37.5270787909498	0.00001
244.375	37.6990758969507	0.00001
244.6406	37.7786269507139	0.00001
244.9063	38.0032043817534	0.00001
245.1719	37.4446923704487	0.00001
245.4375	37.9724903310122	0.00001
245.7031	37.5255518453853	0.00001
245.9688	37.3953763376322	0.00001
246.2344	37.7361696787156	0.00001
246.5	38.0656030025022	0.00001
246.7656	37.5959710950653	0.00001
247.0313	37.9302925065665	0.00001
247.2969	37.798701592485	0.00001
247.5625	37.4017220787975	0.00001
247.8438	37.4365495480822	0.00001
248.1094	37.6215640454092	0.00001
248.375	37.6610175699575	0.00001
248.6406	37.781922354428	0.00001
248.9063	37.690192825944	0.00001
249.1875	37.3834160183398	0.00001
249.4531	37.2397209528055	0.00001
249.7344	37.6645220760597	0.00001
250.0156	37.7985916756196	0.00001
250.2813	37.9274872085916	0.00001
250.5469	36.6148921160416	0.00001
250.8125	37.255707970358	0.00001
251.0781	37.1936481067675	0.00001
251.3438	37.6855473004754	0.00001
251.625	36.5106046645142	0.00001
251.8906	37.0940496512982	0.00001
252.1719	37.3195027824468	0.00001
252.4375	37.0129552031627	0.00001
252.7188	36.3131959504029	0.00001
252.9844	37.0302458490473	0.00001
253.2656	37.1130297378666	0.00001
253.5469	36.8988808658607	0.00001
253.8125	36.8691694776091	0.00001
254.0781	35.6060315047144	0.00001
254.3594	37.0563655889915	0.00001
254.6406	36.9957261841538	0.00001
254.9219	37.3068648296476	0.00001
255.2031	36.703234363891	0.00001
255.4844	36.6491588478928	0.00001
255.7656	36.8794225348843	0.00001
256.0469	37.1008074564309	0.00001
256.3125	37.014706629023	0.00001
256.5938	36.8699129948881	0.00001
256.875	36.8923240798897	0.00001
257.1563	36.8105155425477	0.00001
257.4375	36.588156249236	0.00001
257.7188	36.7856652933679	0.00001
258	36.8960731770418	0.00001
258.2813	36.1737297386732	0.00001
258.5625	36.0002684776229	0.00001
258.8438	35.3169968619428	0.00001
259.125	37.6164918023604	0.00001
259.4063	37.0864295765984	0.00001
259.6875	37.505346344133	0.00001
259.9688	36.8223263019999	0.00001
260.25	35.6213788673597	0.00001
260.5313	36.8546966960903	0.00001
260.8125	36.8202986939676	0.00001
261.0938	36.6110406751917	0.00001
261.375	36.9253871538964	0.00001
261.6563	36.5383064218431	0.00001
261.9375	36.2993977952725	0.00001
262.2188	37.4591241223996	0.00001
262.5	36.3448449844172	0.00001
262.7813	36.5034432859648	0.00001
263.0625	36.9431944729312	0.00001
263.3438	36.1417419066751	0.00001
263.625	36.8711327984927	0.00001
263.9063	36.2926303341302	0.00001
264.1875	36.5647368487058	0.00001
264.4688	36.224015485468	0.00001
264.75	35.1580505908821	0.00001
265.0313	36.5713820992795	0.00001
265.3125	35.9450909405993	0.00001
265.5938	36.2260684749502	0.00001
265.875	35.5837502366119	0.00001
266.1563	36.3340798574951	0.00001
266.4375	36.1111420397868	0.00001
266.7188	36.7332056742903	0.00001
267	36.1395277144754	0.00001
267.2813	36.4523557757955	0.00001
267.5625	36.1319343453035	0.00001
267.8438	36.9777016091302	0.00001
268.125	35.8548453222804	0.00001
268.4063	36.276711623	0.00001
268.6875	36.0031883886085	0.00001
268.9688	34.5971520546761	0.00001
269.25	36.0270233848519	0.00001
269.5313	36.2183302605687	0.00001
269.8125	35.0078441423689	0.00001
270.0938	36.0404864515134	0.00001
270.375	36.2384290977487	0.00001
270.6563	35.0116135078379	0.00001
270.9375	35.361458166488	0.00001
271.2188	35.867781046036	0.00001
271.5	36.1849402747867	0.00001
271.7813	35.7796100530784	0.00001
272.0625	36.1672472922661	0.00001
272.3438	35.8760978044346	0.00001
272.625	36.0234977183758	0.00001
272.9063	35.9821130720877	0.00001
273.1875	35.7603955910653	0.00001
273.4688	36.5858508715619	0.00001
273.75	35.6543699135987	0.00001
274.0313	35.4596022623214	0.00001
274.3125	35.8526062289068	0.00001
274.5938	36.0026567726398	0.00001
274.875	35.5981680518088	0.00001
275.1563	36.5922692031056	0.00001
275.4375	35.2483196151107	0.00001
275.7188	36.4453627557198	0.00001
276	35.530419236598	0.00001
276.2813	35.5224557215874	0.00001
276.5625	35.5852864043751	0.00001
276.8438	35.3135108191877	0.00001
277.125	35.8754716796537	0.00001
277.4063	35.2225405154689	0.00001
277.6875	35.4353799503038	0.00001
277.9688	35.7983178387731	0.00001
278.25	33.9970747299705	0.00001
278.5313	35.2019819558931	0.00001
278.8125	35.1876319313667	0.00001
279.0938	35.2615663855806	0.00001
279.375	35.3975940603696	0.00001
279.6563	35.6121427369029	0.00001
279.9375	35.7454069388848	0.00001
280.2188	35.4040498351073	0.00001
280.5	35.3884770035159	0.00001
280.7813	35.3552053848782	0.00001
281.0625	35.5678964716705	0.00001
281.3438	35.1380880009861	0.00001
281.625	35.4212953568381	0.00001
281.9063	35.4410402114098	0.00001
282.1875	35.2481448973444	0.00001
282.4688	35.2735099466266	0.00001
282.75	35.0007140080179	0.00001
283.0313	35.2996689121118	0.00001
283.3125	35.3995537624483	0.00001
283.5938	35.1538583599994	0.00001
283.875	35.0751661074722	0.00001
284.1563	35.7491483325514	0.00001
284.4375	35.1424908535677	0.00001
284.7188	35.9580093362491	0.00001
285	34.8976992627977	0.00001
285.2813	34.9845798809533	0.00001
285.5625	35.8257222651185	0.00001
285.8438	34.6333801942044	0.00001
286.1406	34.7157672628623	0.00001
286.4375	34.6908752503455	0.00001
286.7344	35.0259388623465	0.00001
287.0313	34.9295061569408	0.00001
287.3125	35.2043077851401	0.00001
287.5938	35.110646402835	0.00001
287.875	35.3702998940167	0.00001
288.1563	34.9571256729752	0.00001
288.4531	34.9676737052356	0.00001
288.75	34.8790228738727	0.00001
289.0313	35.5280273224957	0.00001
289.3125	35.0324416974427	0.00001
289.5938	35.1891566825424	0.00001
289.8906	34.5509210936392	0.00001
290.1875	35.7682134727817	0.00001
290.4844	35.3577419886349	0.00001
290.7813	34.5491578217931	0.00001
291.0625	33.2825440238102	0.00001
291.3594	34.8978979896919	0.00001
291.6406	34.6535345785684	0.00001
291.9219	34.5564362801692	0.00001
292.2031	34.4758972345497	0.00001
292.5	34.3742539956276	0.00001
292.7969	34.5718246548873	0.00001
293.0938	34.286680131151	0.00001
293.3906	34.6842045207691	0.00001
293.6875	34.1040272164942	0.00001
293.9844	35.0032097538868	0.00001
294.2813	34.3715672299879	0.00001
294.5781	34.2655149260182	0.00001
294.875	34.9424216032214	0.00001
295.1719	34.5422603154355	0.00001
295.4688	34.4060879675383	0.00001
295.7656	34.8099809941505	0.00001
296.0625	34.3834313311381	0.00001
296.3594	34.2577556703694	0.00001
296.6563	34.0040462605979	0.00001
296.9531	34.4641620633839	0.00001
297.25	34.378906851107	0.00001
297.5469	34.3203549760581	0.00001
297.8438	34.1729227847083	0.00001
298.1406	35.3591150183755	0.00001
298.4375	35.3733890198113	0.00001
298.7344	35.1232405949767	0.00001
299.0313	34.1038481218239	0.00001
299.3281	34.1732776678697	0.00001
299.625	34.5143951509462	0.00001
299.9219	34.2002779707083	0.00001
300.2188	33.9947736409323	0.00001
300.5156	34.0641941005878	0.00001
300.8125	34.2113339196722	0.00001
301.1094	34.273136521401	0.00001
301.4063	34.2065287752913	0.00001
301.7031	33.1301191940892	0.00001
302	33.9213303245155	0.00001
302.2969	34.067984088906	0.00001
302.5938	33.9299813174028	0.00001
302.8906	33.7222955402517	0.00001
303.1875	34.3461585972034	0.00001
303.4844	33.7805251306014	0.00001
303.7813	34.2728070071827	0.00001
304.0781	32.587771998613	0.00001
304.375	33.9211250054118	0.00001
304.6719	33.4961043066871	0.00001
304.9688	33.938532001002	0.00001
305.2656	33.1391983589221	0.00001
305.5625	34.2545038467387	0.00001
305.8594	33.5869070032632	0.00001
306.1563	33.6420138579567	0.00001
306.4531	34.2695478103034	0.00001
306.75	33.8306041552157	0.00001
307.0469	33.6836496733381	0.00001
307.3438	32.962378425178	0.00001
307.6406	34.0120050613718	0.00001
307.9375	33.7315999742964	0.00001
308.2344	33.859187284215	0.00001
308.5313	33.9438362645694	0.00001
308.8281	32.2146038203407	0.00001
309.125	33.5644937101833	0.00001
309.4219	33.6407354382553	0.00001
309.7188	33.7668309910658	0.00001
310.0156	33.7164305167287	0.00001
310.3125	33.7317089013455	0.00001
310.6094	33.6020202720495	0.00001
310.9063	33.5887447007195	0.00001
311.2031	33.4494941742958	0.00001
311.5	33.9403722386038	0.00001
311.7969	33.892802005173	0.00001
312.0938	33.7826365322421	0.00001
312.3906	33.5678774910175	0.00001
312.6875	33.7142013133024	0.00001
312.9844	33.5913795018447	0.00001
313.2813	33.2305215622956	0.00001
313.5781	34.0903592456997	0.00001
313.875	33.7824622697973	0.00001
314.1719	33.6494390491667	0.00001
314.4688	32.8422550287916	0.00001
314.7656	33.3882318349902	0.00001
315.0625	33.3693934221225	0.00001
315.3594	33.1170721783518	0.00001
315.6563	33.0936759187529	0.00001
315.9531	34.1445409827524	0.00001
316.25	33.5651191974382	0.00001
316.5469	34.3638576283828	0.00001
316.8438	33.4062541705747	0.00001
317.1406	31.5993116248181	0.00001
317.4375	33.1261106880514	0.00001
317.7344	33.7613478024373	0.00001
318.0313	33.1647519451616	0.00001
318.3281	34.0867451456592	0.00001
318.625	33.2492067484278	0.00001
318.9219	33.6006179338185	0.00001
319.2188	33.4208716815184	0.00001
319.5156	33.7098484048952	0.00001
319.8125	33.1063683311992	0.00001
320.1094	34.225750747873	0.00001
320.4063	33.1951788970796	0.00001
320.7031	32.9482299987934	0.00001
321	33.174964633821	0.00001
321.2969	32.822379675416	0.00001
321.5938	32.9424025001961	0.00001
321.8906	33.0978037152131	0.00001
322.1875	31.1786898862575	0.00001
322.4844	33.4901172928975	0.00001
322.7813	33.3471659549084	0.00001
323.0781	33.37914999343	0.00001
323.375	32.9420675699289	0.00001
323.6719	33.1242217260009	0.00001
323.9688	31.368750378454	0.00001
324.2656	32.9453838009311	0.00001
324.5781	32.8017210315047	0.00001
324.8906	33.0208420255359	0.00001
325.1875	31.7812351457277	0.00001
325.4844	33.2653000708722	0.00001
325.7813	32.6402979628247	0.00001
326.0781	32.3945099096294	0.00001
326.375	33.1404166281959	0.00001
326.6719	32.7254630726802	0.00001
326.9844	33.7796421685666	0.00001
327.2969	32.8225014152638	0.00001
327.6094	32.8577810559716	0.00001
327.9063	31.3082718238471	0.00001
328.2031	33.1086684370997	0.00001
328.5	33.06811407834	0.00001
328.8125	32.3772242143411	0.00001
329.1094	31.1155591505909	0.00001
329.4219	31.5709168797349	0.00001
329.7188	32.7596873326964	0.00001
330.0313	32.3963533718677	0.00001
330.3438	32.507674792883	0.00001
330.6563	32.4006386506738	0.00001
330.9531	32.5275747405848	0.00001
331.2656	32.3298614909844	0.00001
331.5781	32.4528694515975	0.00001
331.8906	32.4697675195284	0.00001
332.2031	32.6976692965968	0.00001
332.5156	32.3238461119757	0.00001
332.8281	32.9969666635895	0.00001
333.1406	32.4149837282867	0.00001
333.4375	32.1702698431154	0.00001
333.75	32.7477777281659	0.00001
334.0625	32.3965507990888	0.00001
334.375	32.352429944515	0.00001
334.6875	31.9578003041465	0.00001
335	32.5135920085337	0.00001
335.3125	32.3025021503187	0.00001
335.625	32.8573559941441	0.00001
335.9375	32.7327568183045	0.00001
336.25	32.6378606166853	0.00001
336.5625	32.1699016382403	0.00001
336.875	31.9762536595659	0.00001
337.1875	32.0185435603818	0.00001
337.5	31.9653272978779	0.00001
337.8125	32.5219926012284	0.00001
338.125	32.393361761191	0.00001
338.4375	32.5540932067056	0.00001
338.75	31.9536090995774	0.00001
339.0625	32.3066669005405	0.00001
339.375	32.2837191331649	0.00001
339.6875	30.345184213762	0.00001
340	30.6985734314639	0.00001
340.3125	32.1166047882501	0.00001
340.625	32.4634632290125	0.00001
340.9375	31.7657743339439	0.00001
341.25	31.9366787610404	0.00001
341.5625	32.0830790447696	0.00001
341.875	32.360786137806	0.00001
342.1875	31.9315303254326	0.00001
342.5	31.9725300073923	0.00001
342.8125	32.5248919433024	0.00001
343.125	31.8109216813723	0.00001
343.4375	30.4477034639371	0.00001
343.75	32.4661655162069	0.00001
344.0625	31.7401363779299	0.00001
344.375	31.9941788043211	0.00001
344.6875	30.4841548499175	0.00001
345	29.9715365378082	0.00001
345.3125	32.0928099064594	0.00001
345.625	31.9463267381862	0.00001
345.9375	31.7447760278724	0.00001
346.25	32.0465734084836	0.00001
346.5625	31.9456633041524	0.00001
346.875	32.4230172841823	0.00001
347.1875	31.9719869996551	0.00001
347.5	31.6701160973618	0.00001
347.8125	31.7926994517075	0.00001
348.125	31.4959426557511	0.00001
348.4375	30.6825206093322	0.00001
348.75	32.0324803382519	0.00001
349.0625	31.5470500137356	0.00001
349.375	30.5206815368629	0.00001
349.6875	32.4385597946681	0.00001
350	32.2464231387957	0.00001
350.3125	30.0741270569394	0.00001
350.625	31.417695570672	0.00001
350.9375	31.9929641158364	0.00001
351.25	31.7009137188924	0.00001
351.5625	31.7788086574941	0.00001
351.875	30.902033407437	0.00001
352.1875	31.8647793053703	0.00001
352.5	31.3123420604778	0.00001
352.8125	32.3502803380814	0.00001
353.125	32.3890754529134	0.00001
353.4375	31.7851546767972	0.00001
353.75	31.7011253457669	0.00001
354.0625	31.8404377117278	0.00001
354.375	29.5830062473393	0.00001
354.6875	32.7620738265997	0.00001
355	32.1909453725486	0.00001
355.3125	31.0116767070286	0.00001
355.625	31.3341967440985	0.00001
355.9375	31.2239747666905	0.00001
356.25	31.0892985918694	0.00001
356.5625	30.0178365210556	0.00001
356.875	31.2226150230743	0.00001
357.1875	31.3621979373965	0.00001
357.5	31.3905995149671	0.00001
357.8125	29.4747748938226	0.00001
358.125	30.1697310062329	0.00001
358.4375	31.1105939198699	0.00001
358.75	30.9889416341865	0.00001
359.0625	31.0208460031997	0.00001
359.375	31.4601475810841	0.00001
359.6875	31.2773457788782	0.00001
360	31.1628801402499	0.00001
360.3125	32.4780917255049	0.00001
360.625	32.019240401005	0.00001
360.9375	30.8514499697316	0.00001
361.25	31.2328021387084	0.00001
361.5625	31.695371194343	0.00001
361.875	32.3164057433911	0.00001
362.1875	30.8313257213072	0.00001
362.5156	31.1033469046886	0.00001
362.8281	30.9397468618643	0.00001
363.1563	29.599966377318	0.00001
363.4688	29.595074511917	0.00001
363.7813	30.9406099249067	0.00001
364.0938	31.3667578987871	0.00001
364.4063	31.1529690426665	0.00001
364.7188	31.3992646208142	0.00001
365.0313	31.1422811216138	0.00001
365.3438	29.3366279241334	0.00001
365.6719	30.8498918264117	0.00001
365.9844	31.184347124188	0.00001
366.3125	29.525255882322	0.00001
366.625	31.0606164947026	0.00001
366.9531	31.1112196468619	0.00001
367.2813	31.1861893814186	0.00001
367.5938	30.841578164781	0.00001
367.9219	31.148708490901	0.00001
368.2344	30.722454842878	0.00001
368.5625	32.2566545920995	0.00001
368.8906	31.0294078452227	0.00001
369.2188	31.2723762268989	0.00001
369.5469	30.3338718511358	0.00001
369.8594	30.6345594952774	0.00001
370.1719	31.0861771036418	0.00001
370.5	31.1062717348483	0.00001
370.8281	31.1558831374761	0.00001
371.1563	30.4554793689254	0.00001
371.4688	31.0221661678182	0.00001
371.7969	31.3753777591847	0.00001
372.125	30.6180668498468	0.00001
372.4531	31.4308807855951	0.00001
372.7813	30.8079402051975	0.00001
373.1094	30.8488721913289	0.00001
373.4375	30.6224577312889	0.00001
373.7656	29.4732759945894	0.00001
374.0938	31.1614425795276	0.00001
374.4219	32.1240701813118	0.00001
374.75	31.0315518870279	0.00001
375.0781	31.2258178370382	0.00001
375.4063	31.0675129848924	0.00001
375.7344	31.1389594778443	0.00001
376.0625	29.4983340258849	0.00001
376.3906	30.715977510949	0.00001
376.7188	30.4013589977775	0.00001
377.0469	30.5126530892	0.00001
377.375	30.4954626562068	0.00001
377.7031	30.3502034978834	0.00001
378.0313	31.8541794535375	0.00001
378.3594	30.6882407207595	0.00001
378.6875	30.9120064105276	0.00001
379.0156	29.0908020117351	0.00001
379.3438	30.9366559717545	0.00001
379.6719	30.4258647719083	0.00001
380	30.4934741932554	0.00001
380.3281	31.5839913246521	0.00001
380.6563	30.7770433337012	0.00001
380.9844	31.2769572566989	0.00001
381.3125	30.2116619325503	0.00001
381.6406	29.3743597447736	0.00001
381.9688	30.5530710964195	0.00001
382.2969	31.6395895857069	0.00001
382.625	30.7182560154373	0.00001
382.9531	29.5249192923312	0.00001
383.2813	30.8378866544672	0.00001
383.6094	30.7512947917086	0.00001
383.9375	31.4791367501214	0.00001
384.2656	30.3193879012535	0.00001
384.5938	30.4063036726374	0.00001
384.9219	28.6236822820324	0.00001
385.25	30.7300048388439	0.00001
385.5781	30.4788382684083	0.00001
385.9063	30.4836410749915	0.00001
386.2344	30.4717606558534	0.00001
386.5625	30.5327789507461	0.00001
386.8906	30.1246814545648	0.00001
387.2188	30.3644535300314	0.00001
387.5469	30.3488935671433	0.00001
387.875	30.3430028603505	0.00001
388.2031	29.9253609120016	0.00001
388.5313	30.7953534882687	0.00001
388.8594	30.340830836002	0.00001
389.1875	29.6006336566684	0.00001
389.5156	31.3253774509302	0.00001
389.8438	29.501993759868	0.00001
390.1719	29.023527969372	0.00001
390.5	30.2886136320603	0.00001
390.8281	30.1481739285203	0.00001
391.1563	30.4914915150874	0.00001
391.4844	28.9773075907196	0.00001
391.8125	29.897620233938	0.00001
392.1406	30.1310301929957	0.00001
392.4688	30.9925083518727	0.00001
392.7969	29.8475176366713	0.00001
393.125	29.9374156223706	0.00001
393.4531	30.0370892162126	0.00001
393.7813	29.5075085234429	0.00001
394.1094	31.4765079838541	0.00001
394.4375	30.3928001862521	0.00001
394.7656	29.1557573671418	0.00001
395.0938	29.1222845913481	0.00001
395.4219	29.7382583519988	0.00001
395.75	30.4109416232508	0.00001
396.0781	30.1442013368284	0.00001
396.4063	29.5415460805821	0.00001
396.7344	30.5452526928722	0.00001
397.0625	29.5813514669207	0.00001
397.3906	29.937983433546	0.00001
397.7188	30.221903480941	0.00001
398.0469	30.317751990397	0.00001
398.375	30.180424182517	0.00001
398.7031	29.8658237686406	0.00001
399.0313	29.8116903862361	0.00001
399.3594	29.7906680108139	0.00001
399.6875	30.4009415392492	0.00001
400.0156	30.3283885438057	0.00001
400.3438	30.2746731150973	0.00001
400.6719	29.8021011938766	0.00001
401	30.3537400711584	0.00001
401.3281	29.5369653867843	0.00001
401.6563	29.1116443021899	0.00001
401.9844	29.6957453345519	0.00001
402.3125	29.9374038681944	0.00001
402.6406	27.7631334971904	0.00001
402.9688	30.0460999192091	0.00001
403.2969	29.7316411386156	0.00001
403.625	30.2152935335057	0.00001
403.9531	30.4509057332973	0.00001
404.2813	30.1205000497412	0.00001
404.6094	30.9637059069486	0.00001
404.9375	30.1019572967927	0.00001
405.2656	29.7518623974892	0.00001
405.5938	30.9949346605649	0.00001
405.9219	31.1293532681165	0.00001
406.25	29.1695747291301	0.00001
406.5781	30.421009783556	0.00001
406.9063	30.4260352694616	0.00001
407.25	29.5920859868795	0.00001
407.5781	29.4225060175343	0.00001
407.9063	29.7755058970142	0.00001
408.2344	29.2534070523511	0.00001
408.5625	30.8372915263293	0.00001
408.8906	29.9393074297612	0.00001
409.2188	27.3594402251777	0.00001
409.5469	29.7377920176379	0.00001
409.875	29.8696830750756	0.00001
410.2031	30.1567629790394	0.00001
410.5313	29.5779410676808	0.00001
410.8594	29.8092738595424	0.00001
411.2031	29.366370156001	0.00001
411.5313	29.5514465106403	0.00001
411.875	29.4909145886369	0.00001
412.2188	29.8658079738463	0.00001
412.5469	27.9455248568329	0.00001
412.875	30.852704441452	0.00001
413.2188	29.6731656189103	0.00001
413.5625	30.267229218828	0.00001
413.8906	30.032155122167	0.00001
414.2344	29.8160461151774	0.00001
414.5781	30.1845637470739	0.00001
414.9063	30.3863818670485	0.00001
415.25	29.3458789652327	0.00001
415.5938	29.1420458152247	0.00001
415.9375	29.312772946968	0.00001
416.2813	29.0046056532152	0.00001
416.6094	29.6024198874202	0.00001
416.9531	29.4238013951028	0.00001
417.2969	29.7579489082868	0.00001
417.6406	29.4599201822966	0.00001
417.9844	29.2076448833676	0.00001
418.3281	30.6892076161949	0.00001
418.6563	29.6937472504753	0.00001
419	30.1018625986473	0.00001
419.3438	29.4159580174163	0.00001
419.6875	30.3680828074871	0.00001
420.0313	29.7327481389564	0.00001
420.375	29.5221089046771	0.00001
420.7188	29.9366924141464	0.00001
421.0625	28.9617653571863	0.00001
421.4063	29.3916062882736	0.00001
421.75	27.7377939988204	0.00001
422.0938	29.2032323113782	0.00001
422.4375	28.9088224779298	0.00001
422.7813	29.2529392787405	0.00001
423.125	29.1779165592544	0.00001
423.4688	29.0265471433328	0.00001
423.8125	29.1008395909319	0.00001
424.1563	29.151644716666	0.00001
424.5	28.8233024654167	0.00001
424.8438	28.9909729863608	0.00001
425.1875	28.8833160702654	0.00001
425.5313	27.2097011837706	0.00001
425.875	29.2314297883207	0.00001
426.2188	29.9199862068087	0.00001
426.5625	28.7821982608732	0.00001
426.9063	30.4230041204894	0.00001
427.25	29.1746644668181	0.00001
427.5938	29.4866462382362	0.00001
427.9375	28.9096811945658	0.00001
428.2813	29.1302479993383	0.00001
428.625	29.1128741683392	0.00001
428.9688	28.9789845358651	0.00001
429.3125	29.0565944741701	0.00001
429.6563	29.0528535629407	0.00001
430	27.8329817315277	0.00001
430.3438	29.4729971399787	0.00001
430.6875	28.9117743434583	0.00001
431.0313	30.2715273343335	0.00001
431.375	29.38685032513	0.00001
431.7188	29.6384319059599	0.00001
432.0625	29.3580201526231	0.00001
432.4063	27.4350740292995	0.00001
432.75	28.9930753568942	0.00001
433.0938	27.7275562535855	0.00001
433.4375	29.1398103595083	0.00001
433.7813	28.9569577523771	0.00001
434.125	28.6387931598023	0.00001
434.4688	28.6708723910152	0.00001
434.8125	28.7912981113235	0.00001
435.1563	29.0083348738033	0.00001
435.5	28.8820331292866	0.00001
435.8438	28.6303041991941	0.00001
436.1875	28.4332497505457	0.00001
436.5313	28.5103345614826	0.00001
436.875	28.7020390801751	0.00001
437.2188	30.1626809295701	0.00001
437.5625	27.4452081475189	0.00001
437.9063	29.0383443917632	0.00001
438.25	28.8971976098734	0.00001
438.5938	29.2257051413988	0.00001
438.9375	28.8313437659741	0.00001
439.2813	27.0832979284714	0.00001
439.625	30.1638346644089	0.00001
439.9688	28.5890109144488	0.00001
440.3125	28.7029488918358	0.00001
440.6563	28.9182494061071	0.00001
441	28.7615019166806	0.00001
441.3438	28.2833159962702	0.00001
441.6875	28.6008312545359	0.00001
442.0313	28.5023416532072	0.00001
442.375	28.7683837696827	0.00001
442.7188	28.8153607225162	0.00001
443.0625	28.6554420094767	0.00001
443.4063	28.9837076032553	0.00001
443.7656	28.7385927902547	0.00001
444.1094	28.6308179312143	0.00001
444.4531	28.371684724074	0.00001
444.7969	28.0884557117049	0.00001
445.1406	28.7409762682104	0.00001
445.4844	30.2918998351522	0.00001
445.8281	28.5163957133969	0.00001
446.1719	28.388986215215	0.00001
446.5156	28.4813900037103	0.00001
446.8594	28.4672472475519	0.00001
447.2031	29.3035324986626	0.00001
447.5469	28.7975509847902	0.00001
447.8906	28.3380481939572	0.00001
448.2344	28.3169463341755	0.00001
448.5781	28.6665671984338	0.00001
448.9219	28.4484380683764	0.00001
449.2656	28.2923955990117	0.00001
449.6094	27.2127900712034	0.00001
449.9531	28.4037193115269	0.00001
450.2969	28.1927170207961	0.00001
450.6406	26.8567038837131	0.00001
450.9844	27.6852903971665	0.00001
451.3281	28.3345680759021	0.00001
451.6719	26.8191358745262	0.00001
452.0156	28.4072420280263	0.00001
452.3594	28.5879067089682	0.00001
452.7031	28.5705779825113	0.00001
453.0625	28.8236355578862	0.00001
453.4063	28.1599804179406	0.00001
453.75	28.162228845107	0.00001
454.0938	28.486039047394	0.00001
454.4375	29.550102139956	0.00001
454.7813	28.4100193327338	0.00001
455.125	28.6224569010117	0.00001
455.4688	26.3407176009622	0.00001
455.8281	28.4304536988078	0.00001
456.1719	28.2406197095326	0.00001
456.5313	28.4239634541949	0.00001
456.8906	28.1944205306195	0.00001
457.25	28.4652340575085	0.00001
457.6094	29.0786455187546	0.00001
457.9688	28.3207895643574	0.00001
458.3125	28.380227552005	0.00001
458.6563	28.4012730744259	0.00001
459	28.1600405137354	0.00001
459.3438	28.040615735066	0.00001
459.7031	28.9022237395226	0.00001
460.0625	28.5766192801486	0.00001
460.4219	26.9580574009625	0.00001
460.7656	28.2464818473972	0.00001
461.1094	28.3741681770031	0.00001
461.4688	27.9671617701107	0.00001
461.8281	28.2977846857172	0.00001
462.1719	28.2620044838698	0.00001
462.5313	28.0757514310502	0.00001
462.8906	27.1532900542849	0.00001
463.25	29.1093848236328	0.00001
463.6094	27.403054965011	0.00001
463.9688	28.2753689570645	0.00001
464.3281	28.4694805498473	0.00001
464.6875	28.9033646813737	0.00001
465.0469	28.4360242379793	0.00001
465.4063	28.2077444740126	0.00001
465.7656	28.4165969864344	0.00001
466.125	29.1085630582138	0.00001
466.4844	27.9508995085785	0.00001
466.8438	27.8766495553707	0.00001
467.2031	28.325329154192	0.00001
467.5625	27.3745314170228	0.00001
467.9219	28.1974551143213	0.00001
468.2813	29.322701262866	0.00001
468.625	28.1028349813162	0.00001
468.9844	27.0523671845512	0.00001
469.3438	28.0637666637696	0.00001
469.7031	28.8000466104348	0.00001
470.0625	27.9274082896943	0.00001
470.4219	27.9538789141856	0.00001
470.7813	27.9669236592982	0.00001
471.1406	26.8319536635465	0.00001
471.5	28.1239130048612	0.00001
471.8594	27.9338129338133	0.00001
472.2188	27.6481324711845	0.00001
472.5781	28.0878055144979	0.00001
472.9375	27.6159028428096	0.00001
473.2969	28.0896290041137	0.00001
473.6563	28.0963552716534	0.00001
474.0156	29.2448279437038	0.00001
474.375	27.950302720886	0.00001
474.7344	28.1725273645627	0.00001
475.0938	28.0507662662633	0.00001
475.4531	27.7036824145541	0.00001
475.8125	27.9381229345919	0.00001
476.1719	26.4520049141696	0.00001
476.5313	27.8362389379659	0.00001
476.8906	27.7455275162923	0.00001
477.25	28.2873428368934	0.00001
477.6094	27.707324898048	0.00001
477.9688	26.4675165567918	0.00001
478.3281	27.8023620295429	0.00001
478.6875	28.4866723755626	0.00001
479.0469	27.0298069831504	0.00001
479.4063	27.9048214229943	0.00001
479.7656	27.5734563875111	0.00001
480.125	27.4987721419652	0.00001
480.4844	27.882355107997	0.00001
480.8438	28.9508379039458	0.00001
481.2031	28.7108173999117	0.00001
481.5625	27.9489433519824	0.00001
481.9219	27.9930079858252	0.00001
482.2813	28.1821563002466	0.00001
482.6406	27.8199286940863	0.00001
483	27.9923518221132	0.00001
483.3594	27.4615409686218	0.00001
483.7188	27.8589731560934	0.00001
484.0781	27.6626768589606	0.00001
484.4375	28.2014238017807	0.00001
484.7969	28.1958049937134	0.00001
485.1563	27.9066760719635	0.00001
485.5156	27.8479845236019	0.00001
485.875	27.9724011113389	0.00001
486.2344	25.9384249634981	0.00001
486.5938	26.9999191521475	0.00001
486.9531	26.9453148284975	0.00001
487.3125	27.542263386879	0.00001
487.6719	27.7272858738463	0.00001
488.0313	27.714740552715	0.00001
488.3906	27.7972150312029	0.00001
488.75	27.7201592447374	0.00001
489.1094	27.6417947638661	0.00001
489.4688	28.9221540741252	0.00001
489.8281	27.5638096952698	0.00001
490.1875	27.3812862446644	0.00001
490.5469	27.477063731388	0.00001
490.9063	27.3518717765359	0.00001
491.2656	27.8873416414341	0.00001
491.625	27.8357468638185	0.00001
491.9844	27.5211460917611	0.00001
492.3438	27.5118904073676	0.00001
492.7031	27.6146409697851	0.00001
493.0625	27.3464547654445	0.00001
493.4219	27.5107909316569	0.00001
493.7813	27.5021031072469	0.00001
494.1406	27.8822019738831	0.00001
494.5	27.2277983036021	0.00001
494.8594	27.6029294991099	0.00001
495.2188	27.2035340376203	0.00001
495.5781	27.4428603688854	0.00001
495.9375	27.5720940275703	0.00001
496.2969	27.2651173588542	0.00001
496.6563	27.316866574061	0.00001
497.0156	26.5345126042633	0.00001
497.375	28.5388197741107	0.00001
497.7344	27.8266915727724	0.00001
498.0938	27.4119694996571	0.00001
498.4531	27.3709000383876	0.00001
498.8125	28.3517059625966	0.00001
499.1719	27.0932612918769	0.00001
499.5313	27.146765547873	0.00001
499.8906	27.3278505295576	0.00001
500.25	27.0860735000481	0.00001
500.625	27.2475495507288	0.00001
501	28.2630776268503	0.00001
501.3594	27.1720042831546	0.00001
501.7188	28.0419393551609	0.00001
502.0781	27.0393634108031	0.00001
502.4531	27.6800831177748	0.00001
502.8281	28.1228207591038	0.00001
503.1875	26.9846242849677	0.00001
503.5469	27.5895812976273	0.00001
503.9063	27.4113687410538	0.00001
504.2813	27.4635430567167	0.00001
504.6406	27.0873998268535	0.00001
505	28.939921701451	0.00001
505.375	27.9341580670504	0.00001
505.7344	27.2283096525445	0.00001
506.0938	27.3157171435199	0.00001
506.4531	27.8451205461263	0.00001
506.8281	28.1126625582429	0.00001
507.2031	27.5759528900293	0.00001
507.5781	27.0457314682222	0.00001
507.9531	27.4824758438578	0.00001
508.3281	28.4874639546349	0.00001
508.7031	27.5039730872322	0.00001
509.0781	27.1824549688348	0.00001
509.4531	27.5513926763839	0.00001
509.8281	27.531976606621	0.00001
510.2031	26.9536214093208	0.00001
510.5781	27.6305025754934	0.00001
510.9531	27.2609199989176	0.00001
511.3281	26.9817637190549	0.00001
511.7031	27.1285597634943	0.00001
512.0781	27.3979746268731	0.00001
512.4531	26.8313643731369	0.00001
512.8281	25.6673165134833	0.00001
513.2031	27.2681580906534	0.00001
513.5781	26.9039299044969	0.00001
513.9531	25.3333105815144	0.00001
514.3281	27.3717041324515	0.00001
514.7031	27.9370088875444	0.00001
515.0781	27.5152898359833	0.00001
515.4531	28.3735913767482	0.00001
515.8281	27.2196457467396	0.00001
516.2031	27.2361041454811	0.00001
516.5781	27.0029198765429	0.00001
516.9531	28.6055020962019	0.00001
517.3281	27.7663923368858	0.00001
517.7031	27.1714160972089	0.00001
518.0781	27.1642037126866	0.00001
518.4531	27.3920212361559	0.00001
518.8281	26.9918737273037	0.00001
519.2031	26.7859573307777	0.00001
519.5781	27.6975397040783	0.00001
519.9531	27.7605064312087	0.00001
520.3281	27.9642445843812	0.00001
520.7031	26.9055169622664	0.00001
521.0781	28.5955797629541	0.00001
521.4531	27.4060770175842	0.00001
521.8281	28.3760483435284	0.00001
522.2031	25.3831987808523	0.00001
522.5781	25.273279315076	0.00001
522.9531	27.0661689013046	0.00001
523.3281	28.1784153767525	0.00001
523.7031	26.8711935246623	0.00001
524.0781	26.6730044336932	0.00001
524.4531	27.3037674542831	0.00001
524.8281	27.1710391673111	0.00001
525.2031	27.0403810509406	0.00001
525.5781	27.5244927989869	0.00001
525.9531	25.8281657393939	0.00001
526.3281	27.5167861631173	0.00001
526.7031	27.1379662867019	0.00001
527.0781	26.1218213380681	0.00001
527.4531	26.7790761753927	0.00001
527.8281	27.449534532601	0.00001
528.2031	27.0988593084793	0.00001
528.5781	27.2300504402336	0.00001
528.9531	26.6582891819597	0.00001
529.3281	25.7898726758801	0.00001
529.7031	25.4596152502178	0.00001
530.0781	27.1125455123013	0.00001
530.4531	26.7707707471103	0.00001
530.8281	27.1313573658228	0.00001
531.2031	27.0315859252051	0.00001
531.5781	27.6820220307233	0.00001
531.9531	27.2687592913479	0.00001
532.3281	26.7494461176236	0.00001
532.7031	27.1583517628639	0.00001
533.0781	25.4138001144024	0.00001
533.4531	25.4650169926126	0.00001
533.8281	26.8112788641265	0.00001
534.2031	27.4072365740586	0.00001
534.5781	28.3723331268595	0.00001
534.9531	27.4797381145316	0.00001
535.3281	27.1826954730992	0.00001
535.7031	27.4114948961759	0.00001
536.0781	26.8766684656471	0.00001
536.4531	26.7716914802609	0.00001
536.8281	26.9995353670951	0.00001
537.2031	28.0464453376081	0.00001
537.5781	27.2772974439453	0.00001
537.9531	27.0686832050885	0.00001
538.3281	26.7091393932201	0.00001
538.7031	26.9553532797934	0.00001
539.0781	26.0868869220489	0.00001
539.4531	27.1287032396505	0.00001
539.8281	26.3475138843917	0.00001
540.2031	26.7356913848586	0.00001
540.5781	26.7132005042799	0.00001
540.9531	26.3993865634372	0.00001
541.3281	27.0435367363502	0.00001
541.7031	27.880086047021	0.00001
542.0781	27.3061563197643	0.00001
542.4531	26.7935810310676	0.00001
542.8281	26.7024099746056	0.00001
543.2031	26.2717831051764	0.00001
543.5781	26.5395910388313	0.00001
543.9531	26.8083586968453	0.00001
544.3281	26.3961909948568	0.00001
544.7031	27.2665760859855	0.00001
545.0781	26.4256078075364	0.00001
545.4531	26.5501667757228	0.00001
545.8281	27.3377231893134	0.00001
546.2031	27.566686935395	0.00001
546.5781	25.9893994304604	0.00001
546.9531	27.3178487972173	0.00001
547.3281	26.5621888867909	0.00001
547.7031	25.7580628027558	0.00001
548.0938	26.6746389998075	0.00001
548.4688	27.5010445554514	0.00001
548.8438	27.3219487715323	0.00001
549.2188	26.8965510332817	0.00001
549.6094	26.8562176246705	0.00001
550	27.1912566827846	0.00001
550.375	26.4963381301474	0.00001
550.7656	26.2488045224767	0.00001
551.1563	27.4929143432756	0.00001
551.5313	27.0287384278104	0.00001
551.9219	27.4913425678679	0.00001
552.3125	26.2589178854627	0.00001
552.6875	26.142948374956	0.00001
553.0781	26.3553750801697	0.00001
553.4531	26.4859817995576	0.00001
553.8281	26.480658838429	0.00001
554.2031	26.1828613620342	0.00001
554.5938	26.4700951711523	0.00001
554.9688	28.0199612183714	0.00001
555.3594	26.7489565577356	0.00001
555.75	26.4819120976298	0.00001
556.125	26.2033368790569	0.00001
556.5	26.938307013494	0.00001
556.8906	24.8289243135241	0.00001
557.2813	25.7471534097336	0.00001
557.6719	26.3573225313475	0.00001
558.0625	26.7062796838075	0.00001
558.4375	26.4250308105609	0.00001
558.8281	27.771702809361	0.00001
559.2188	24.9048705977817	0.00001
559.6094	26.7876234265005	0.00001
560	26.3119784898437	0.00001
560.3906	26.7333027054182	0.00001
560.7813	27.5392075238309	0.00001
561.1563	26.3291052568081	0.00001
561.5469	25.9015786867523	0.00001
561.9375	27.8203048087319	0.00001
562.3281	27.1295025906957	0.00001
562.7188	26.5512140303477	0.00001
563.1094	26.4088140543583	0.00001
563.5	26.4707311611443	0.00001
563.8906	25.9512160876966	0.00001
564.2813	26.1219838613631	0.00001
564.6719	26.562643663204	0.00001
565.0625	27.7700307501802	0.00001
565.4531	26.1934400826402	0.00001
565.8438	26.4622308243724	0.00001
566.2344	26.1707106573289	0.00001
566.625	25.3024656532975	0.00001
567.0156	28.0250932816559	0.00001
567.4063	26.1927101360057	0.00001
567.7969	26.5418208576733	0.00001
568.1875	27.4341833070103	0.00001
568.5781	25.9011748502478	0.00001
568.9688	26.1017311883295	0.00001
569.3594	26.5565216987073	0.00001
569.75	26.3849734272491	0.00001
570.1406	26.3359218271694	0.00001
570.5313	26.7695955403655	0.00001
570.9219	26.9502405811798	0.00001
571.3125	26.5127546513032	0.00001
571.7031	26.0263048157365	0.00001
572.0938	26.082317148631	0.00001
572.4844	26.1048048917852	0.00001
572.875	26.8492066690717	0.00001
573.2656	26.2378259103968	0.00001
573.6563	26.377674941228	0.00001
574.0469	26.826805165968	0.00001
574.4375	26.182233365937	0.00001
574.8281	26.3464831728095	0.00001
575.2188	26.3848902517822	0.00001
575.6094	26.127541421026	0.00001
576	25.9422303387912	0.00001
576.3906	28.1502829735091	0.00001
576.7813	27.4653256350455	0.00001
577.1719	26.6695889994224	0.00001
577.5625	26.5040000162506	0.00001
577.9531	25.7580661065442	0.00001
578.3438	26.0633132298836	0.00001
578.7344	26.5200782604168	0.00001
579.125	25.4132825153024	0.00001
579.5156	26.7547897575928	0.00001
579.9063	26.2388434183772	0.00001
580.2969	26.1844286079159	0.00001
580.6875	26.6037322319648	0.00001
581.0781	25.3313966313902	0.00001
581.4688	26.3570131744571	0.00001
581.8594	26.0417137371553	0.00001
582.25	26.39258978079	0.00001
582.6406	26.3239181501937	0.00001
583.0313	26.1022254172235	0.00001
583.4219	27.3552747252415	0.00001
583.8125	27.9080337345414	0.00001
584.2031	26.3364240530511	0.00001
584.5938	25.5059678004569	0.00001
584.9844	26.2707674593676	0.00001
585.375	26.3218506591132	0.00001
585.7656	26.6807816651145	0.00001
586.1563	26.0369112851105	0.00001
586.5469	26.5403959259913	0.00001
586.9375	25.8509094206809	0.00001
587.3281	26.1842668314439	0.00001
587.7188	26.1991238620845	0.00001
588.1094	26.6004402185535	0.00001
588.5	25.9105115798609	0.00001
588.8906	26.2270396643533	0.00001
589.2813	26.4990475933747	0.00001
589.6719	26.4989992667394	0.00001
590.0625	25.9739462087696	0.00001
590.4531	26.662166099377	0.00001
590.8438	25.9779309159955	0.00001
591.2344	24.228188847715	0.00001
591.625	26.4181789904527	0.00001
592.0156	25.688006901246	0.00001
592.4063	26.3813154035826	0.00001
592.7969	26.0876458343456	0.00001
593.1875	26.9718501919744	0.00001
593.5781	23.9970919509157	0.00001
593.9688	26.4030994456127	0.00001
594.3594	27.3022779040962	0.00001
594.75	26.7380441031858	0.00001
595.1406	25.901272540766	0.00001
595.5313	26.6240963853082	0.00001
595.9219	26.804953398573	0.00001
596.3125	25.7859226420919	0.00001
596.7031	26.2135964354156	0.00001
597.0938	27.0874422432519	0.00001
597.4844	26.509331666169	0.00001
597.8906	25.7478753507349	0.00001
598.2813	26.1938270859428	0.00001
598.6719	25.8544641104808	0.00001
599.0625	25.7808240303587	0.00001
599.4531	26.6495797782125	0.00001
599.8438	26.2866451914096	0.00001
600.2344	23.9546647972157	0.00001
600.6406	26.0499406707014	0.00001
601.0313	25.8980752631824	0.00001
601.4219	26.5334925077146	0.00001
601.8125	26.3909052717445	0.00001
602.2031	26.236323290955	0.00001
602.6094	26.3617264603201	0.00001
603	25.9042239954821	0.00001
603.3906	26.0753809012082	0.00001
603.7813	26.3635012748624	0.00001
604.1719	26.3443262035088	0.00001
604.5625	26.5687424143018	0.00001
604.9688	24.169801068177	0.00001
605.3594	26.147398812677	0.00001
605.75	26.4094058835009	0.00001
606.1563	24.7829239209706	0.00001
606.5469	25.9877274845386	0.00001
606.9375	26.3023547997476	0.00001
607.3281	24.1952464861546	0.00001
607.7188	26.5688996830056	0.00001
608.1094	25.5416411737065	0.00001
608.5156	25.7992406668142	0.00001
608.9219	26.3775397074693	0.00001
609.3125	25.4924800234156	0.00001
609.7188	25.9281573158135	0.00001
610.125	25.7421577374549	0.00001
610.5313	25.8039798066496	0.00001
610.9219	26.0007229897956	0.00001
611.3281	26.2812716327768	0.00001
611.7344	25.5446443008379	0.00001
612.125	25.9620895014993	0.00001
612.5313	26.4101263399587	0.00001
612.9375	24.9603782567303	0.00001
613.3438	26.4707088887132	0.00001
613.75	25.802489988424	0.00001
614.1563	26.8818266025466	0.00001
614.5625	27.2669724076753	0.00001
614.9688	25.0460443818612	0.00001
615.375	26.3121662342357	0.00001
615.7813	25.54278099715	0.00001
616.1875	26.0196075978777	0.00001
616.5938	25.3028520430574	0.00001
617	26.9412908377622	0.00001
617.4063	26.200499455811	0.00001
617.8125	25.9430597033993	0.00001
618.2031	24.2526166789973	0.00001
618.6094	25.7816563031919	0.00001
619.0156	25.8532359403543	0.00001
619.4219	25.4997027502664	0.00001
619.8281	25.6287860985616	0.00001
620.2344	25.0036543967363	0.00001
620.6406	25.4730784496126	0.00001
621.0469	26.2143327059924	0.00001
621.4531	26.6423602601649	0.00001
621.8594	25.8701796209876	0.00001
622.2656	26.5192707199305	0.00001
622.6719	26.6495484844778	0.00001
623.0781	26.896483363809	0.00001
623.4844	25.864648744709	0.00001
623.8906	25.6481989633004	0.00001
624.2969	26.1032927693343	0.00001
624.7031	25.6888324214724	0.00001
625.1094	24.476982546666	0.00001
625.5156	26.422585875364	0.00001
625.9219	26.5051289509554	0.00001
626.3281	25.8510629333167	0.00001
626.7344	27.3151037135228	0.00001
627.1406	25.8611502783428	0.00001
627.5469	26.1832446831504	0.00001
627.9531	25.4639697869001	0.00001
628.3594	23.6241894526953	0.00001
628.7656	25.7081816998713	0.00001
629.1719	26.1331317320748	0.00001
629.5781	25.5336554612738	0.00001
629.9844	25.6677144746681	0.00001
630.3906	25.6953105114454	0.00001
630.7969	25.8344733250296	0.00001
631.2031	25.8130520546748	0.00001
631.6094	26.6843254191645	0.00001
632.0156	26.788177508149	0.00001
632.4219	24.1181027050029	0.00001
632.8281	26.8410984897514	0.00001
633.2344	26.246201486638	0.00001
633.6406	25.3245670587258	0.00001
634.0469	25.3148449681314	0.00001
634.4531	25.5648409138013	0.00001
634.8594	25.5545569602983	0.00001
635.2656	25.1942726428305	0.00001
635.6719	25.6428309852661	0.00001
636.0781	26.0553884009604	0.00001
636.4844	25.9682421713902	0.00001
636.8906	25.7240731921804	0.00001
637.2969	26.6386457057588	0.00001
637.7031	25.2956274330505	0.00001
638.1094	25.5582171334706	0.00001
638.5156	25.6711991261432	0.00001
638.9219	25.1255161855625	0.00001
639.3281	24.4973099401799	0.00001
639.7344	26.8095033155914	0.00001
640.1406	24.3917801713166	0.00001
640.5469	25.6365239387081	0.00001
640.9531	25.3850014873563	0.00001
641.3594	26.2902758133171	0.00001
641.7656	24.5779615668899	0.00001
642.1719	23.8793145940271	0.00001
642.5781	25.2940774877528	0.00001
642.9844	24.0443545247864	0.00001
643.3906	26.3332639394655	0.00001
643.7969	25.0970822451026	0.00001
644.2031	26.8547121501674	0.00001
644.6094	26.0292139967811	0.00001
645.0156	24.2504635840193	0.00001
645.4219	25.636610009906	0.00001
645.8281	25.4527845544205	0.00001
646.2344	26.5127205133959	0.00001
646.6406	25.7011419614482	0.00001
647.0469	25.6311481839444	0.00001
647.4531	25.6379913856612	0.00001
647.8594	25.5467247848023	0.00001
648.2656	27.339851428256	0.00001
648.6719	25.3870909035813	0.00001
649.0781	25.6094405038827	0.00001
649.4844	25.6997871581081	0.00001
649.8906	25.532745794545	0.00001
650.2969	25.457546206471	0.00001
650.7031	25.4997851220224	0.00001
651.1094	25.9821560448725	0.00001
651.5313	24.4041321673855	0.00001
651.9375	25.4087319739408	0.00001
652.3438	25.6242887461347	0.00001
652.75	25.4257809051905	0.00001
653.1563	23.9453959249679	0.00001
653.5781	24.0874559598845	0.00001
653.9844	25.2822903800881	0.00001
654.3906	25.6194055419759	0.00001
654.7969	25.3110882764774	0.00001
655.2031	25.1791471670727	0.00001
655.6094	25.2899528277872	0.00001
656.0156	26.0091432335909	0.00001
656.4375	25.5761952448141	0.00001
656.8438	25.7511590892172	0.00001
657.25	25.509238304546	0.00001
657.6563	26.0260810734426	0.00001
658.0781	25.3643129591395	0.00001
658.4844	26.0026900015556	0.00001
658.9063	25.4667209918265	0.00001
659.3125	24.7579762782487	0.00001
659.7344	25.129426969684	0.00001
660.1563	25.606443435986	0.00001
660.5781	26.3816517962284	0.00001
661	25.1237415690182	0.00001
661.4219	25.0475117531807	0.00001
661.8438	25.217152480862	0.00001
662.2656	25.5261785278696	0.00001
662.6875	26.2072723789045	0.00001
663.1094	25.5350264908658	0.00001
663.5313	26.2981322496683	0.00001
663.9375	25.401212964752	0.00001
664.3594	25.625768754714	0.00001
664.7813	25.4010483661696	0.00001
665.2031	25.9346636513849	0.00001
665.625	25.3209445102118	0.00001
666.0469	25.5552128091478	0.00001
666.4688	25.6044570088834	0.00001
666.8906	25.3020645378353	0.00001
667.3125	23.8885972882648	0.00001
667.7344	24.6694632097046	0.00001
668.1563	25.5159772347762	0.00001
668.5781	25.2556391688278	0.00001
669	25.8331859174085	0.00001
669.4219	26.0331257189516	0.00001
669.8438	25.4181044647163	0.00001
670.2656	25.9194174865841	0.00001
670.6875	25.1982167346337	0.00001
671.1094	25.5265748163249	0.00001
671.5313	25.0714306433266	0.00001
671.9531	24.9228768208819	0.00001
672.375	24.9617641832473	0.00001
672.7969	25.7025123853525	0.00001
673.2188	24.1609609962951	0.00001
673.6406	26.16654019651	0.00001
674.0625	25.4997200837999	0.00001
674.4688	22.9553008183326	0.00001
674.8906	25.762579154148	0.00001
675.3125	25.8294245477443	0.00001
675.7344	26.1921401100088	0.00001
676.1563	25.683809800112	0.00001
676.5781	25.5100903595438	0.00001
677	23.6757757572786	0.00001
677.4219	23.4847139419258	0.00001
677.8438	23.7813287575544	0.00001
678.2656	24.8038278212596	0.00001
678.6875	25.1917737522694	0.00001
679.1094	25.3836943638699	0.00001
679.5313	25.532278983973	0.00001
679.9531	25.6060105662867	0.00001
680.375	25.6090868359059	0.00001
680.7969	25.7324759609823	0.00001
681.2188	25.6572240986415	0.00001
681.6406	25.1768097229724	0.00001
682.0625	25.2543208100644	0.00001
682.4844	24.9690740961592	0.00001
682.9063	25.6788221870923	0.00001
683.3281	25.5829507024878	0.00001
683.75	25.7904924938361	0.00001
684.1719	24.1521772881915	0.00001
684.5938	26.5900320222394	0.00001
685.0156	25.3620003448639	0.00001
685.4375	24.6943982225761	0.00001
685.8594	26.6205231044235	0.00001
686.2813	25.0128344214429	0.00001
686.7031	25.0196176778614	0.00001
687.125	24.0595968892484	0.00001
687.5469	25.3668552808005	0.00001
687.9688	24.8430377687877	0.00001
688.3906	25.2427371925879	0.00001
688.8125	25.2416799966004	0.00001
689.2344	25.0972939736824	0.00001
689.6563	25.2447477223105	0.00001
690.0781	25.0121742805834	0.00001
690.5	25.7780780792728	0.00001
690.9219	25.1385607464271	0.00001
691.3438	25.2804406971128	0.00001
691.7656	25.5468499931466	0.00001
692.1875	25.284144830244	0.00001
692.6094	25.6837073068783	0.00001
693.0313	24.8621276346689	0.00001
693.4531	25.5995597053271	0.00001
693.875	25.511795822149	0.00001
694.2969	23.9526066845232	0.00001
694.7188	25.1349056447256	0.00001
695.1406	26.9351966350388	0.00001
695.5625	25.1957930881774	0.00001
695.9844	25.6634463175576	0.00001
696.4063	25.0507180372148	0.00001
696.8281	23.4836182302782	0.00001
697.25	24.6791647784754	0.00001
697.6719	25.087783234155	0.00001
698.0938	26.5603945081498	0.00001
698.5156	25.4606146510918	0.00001
698.9375	25.5292701579277	0.00001
699.3594	25.5975276943856	0.00001
699.7813	26.0760322581992	0.00001
700.2031	24.9909008156083	0.00001
700.625	25.5017728501385	0.00001
701.0469	24.6549490373994	0.00001
701.4688	25.1585961531347	0.00001
701.8906	25.2180850645919	0.00001
702.3125	24.2715108464715	0.00001
702.7344	25.546691389126	0.00001
703.1563	26.5577473878218	0.00001
703.5781	23.7510680382636	0.00001
704	25.6451296421493	0.00001
704.4219	25.1877869995249	0.00001
704.8438	23.1707364174327	0.00001
705.2656	25.0081590736226	0.00001
705.6875	23.6738527756217	0.00001
706.1094	25.4559959236129	0.00001
706.5313	25.1707450590259	0.00001
706.9531	24.9462776866315	0.00001
707.375	25.7011741282769	0.00001
707.7969	24.8276743744206	0.00001
708.2188	26.6117943880563	0.00001
708.6563	24.8308553236692	0.00001
709.0781	24.5720549232625	0.00001
709.5	24.9645212641324	0.00001
709.9219	26.1425697298758	0.00001
710.3594	25.398912264481	0.00001
710.7813	25.0255223254332	0.00001
711.2031	23.1352782699081	0.00001
711.625	24.8021936778868	0.00001
712.0469	25.1439527501905	0.00001
712.4688	25.5159139889609	0.00001
712.8906	25.2752053581428	0.00001
713.3125	25.3440269625227	0.00001
713.75	24.8206394693143	0.00001
714.1719	25.1209535239709	0.00001
714.6094	25.4261268497667	0.00001
715.0469	24.8630085428426	0.00001
715.4688	25.1937307825262	0.00001
715.9063	23.7810070914344	0.00001
716.3438	25.4641531552265	0.00001
716.7813	25.0155413508404	0.00001
717.2188	25.1520203939355	0.00001
717.6406	24.7326496013237	0.00001
718.0781	25.1096168267149	0.00001
718.5156	24.8043372059639	0.00001
718.9531	24.8443561483588	0.00001
719.375	24.8832161816165	0.00001
719.8125	25.0037075642725	0.00001
720.25	23.2158215452522	0.00001
720.6875	24.4432172796721	0.00001
721.1094	24.2166782834626	0.00001
721.5469	26.7535889366933	0.00001
721.9844	23.9584238314561	0.00001
722.4219	25.4531374650758	0.00001
722.8594	26.2178460324284	0.00001
723.2969	24.8464505733075	0.00001
723.7344	25.2810057881421	0.00001
724.1719	24.7812348613667	0.00001
724.6094	24.9241058865902	0.00001
725.0469	25.0643842266621	0.00001
725.4688	25.0792821444818	0.00001
725.9063	23.1479664445854	0.00001
726.3438	25.3212819555392	0.00001
726.7813	24.9167158594451	0.00001
727.2188	25.1080455474745	0.00001
727.6563	24.9334170253248	0.00001
728.0938	24.9139376797199	0.00001
728.5313	24.7105489977237	0.00001
728.9688	25.1238636127789	0.00001
729.4063	24.6739093933688	0.00001
729.8438	24.9158639578977	0.00001
730.2813	25.2908170891301	0.00001
730.7188	25.1611160836536	0.00001
731.1563	25.115004106295	0.00001
731.5938	24.7618615666968	0.00001
732.0313	24.7500594691782	0.00001
732.4688	25.5956582938378	0.00001
732.9063	25.5759388853289	0.00001
733.3438	25.2588561609447	0.00001
733.7813	23.3727661799345	0.00001
734.2188	25.9524563849085	0.00001
734.6563	25.0043728057105	0.00001
735.0938	25.1927455283166	0.00001
735.5313	23.8147612768209	0.00001
735.9688	24.9790828680346	0.00001
736.4063	24.7917855907134	0.00001
