"DATA MONITOR"
"NORMAL DATA"
867
3
289,578,867,0,0,0,0
"Volume"
"cm^3"
"Time"
"ms"
:R"Time" "Volume"~Volume~cm^3~press„o~kPa~Temperature~K~
0.000, 229.65565
34.602, 229.19707
69.204, 227.97418
103.806, 227.05702
138.408, 226.13986
173.010, 225.37555
207.612, 224.45839
242.215, 223.84695
276.817, 222.77692
311.419, 222.16548
346.021, 221.55404
380.623, 220.48402
415.225, 219.56685
449.827, 219.41399
484.429, 218.49683
519.031, 217.42681
553.633, 216.66250
588.235, 216.05106
622.837, 215.13390
657.439, 214.98104
692.042, 214.36960
726.644, 213.60529
761.246, 212.99385
795.848, 212.68813
830.450, 211.61811
865.052, 211.15952
899.654, 209.63092
934.256, 210.08950
968.858, 209.63092
1003.460, 209.01948
1038.062, 209.01948
1072.664, 208.71376
1107.266, 207.79659
1141.869, 207.03229
1176.471, 206.26799
1211.073, 205.80941
1245.675, 205.19796
1280.277, 204.58652
1314.879, 203.97508
1349.481, 203.21078
1384.083, 202.29361
1418.685, 200.91787
1453.287, 201.37645
1487.889, 201.37645
1522.491, 200.30643
1557.093, 199.54212
1591.696, 199.23640
1626.298, 198.47210
1660.900, 197.86066
1695.502, 197.40208
1730.104, 196.79063
1764.706, 196.48491
1799.308, 196.79063
1833.910, 196.79063
1868.512, 196.33205
1903.114, 195.56775
1937.716, 194.95631
1972.318, 194.34486
2006.920, 193.27484
2041.522, 192.35768
2076.125, 191.89910
2110.727, 190.82907
2145.329, 190.06477
2179.931, 189.60619
2214.533, 189.14761
2249.135, 188.84189
2283.737, 188.84189
2318.339, 188.38330
2352.941, 188.07758
2387.543, 187.92472
2422.145, 186.39612
2456.747, 186.39612
2491.349, 185.47895
2525.952, 184.56179
2560.554, 183.79749
2595.156, 183.03319
2629.758, 182.11602
2664.360, 182.11602
2698.962, 181.65744
2733.564, 180.58742
2768.166, 180.28170
2802.768, 181.50458
2837.370, 179.05881
2871.972, 178.75309
2906.574, 177.53021
2941.176, 177.37735
2975.779, 176.61304
3010.381, 175.39016
3044.983, 174.77872
3079.585, 174.01441
3114.187, 172.63867
3148.789, 172.18009
3183.391, 171.11006
3217.993, 170.34576
3252.595, 169.73432
3287.197, 168.81716
3321.799, 167.74713
3356.401, 167.44141
3391.003, 166.52425
3425.606, 166.06567
3460.208, 165.30136
3494.810, 164.84278
3529.412, 164.07848
3564.014, 163.77276
3598.616, 163.16132
3633.218, 162.85559
3667.820, 161.93843
3702.422, 161.17413
3737.024, 159.95124
3771.626, 159.49266
3806.228, 159.18694
3840.830, 158.11692
3875.433, 157.50548
3910.035, 157.35262
3944.637, 156.89403
3979.239, 156.12973
4013.841, 155.21257
4048.443, 154.90685
4083.045, 154.29540
4117.647, 153.83682
4152.249, 153.22538
4186.851, 152.00250
4221.453, 151.84964
4256.055, 151.69678
4290.657, 151.08533
4325.260, 150.62675
4359.862, 150.16817
4394.464, 149.40387
4429.066, 148.94529
4463.668, 148.48670
4498.270, 147.56954
4532.872, 147.26382
4567.474, 146.34666
4602.076, 145.73521
4636.678, 144.81805
4671.280, 144.66519
4705.882, 144.51233
4740.484, 142.83086
4775.087, 142.37228
4809.689, 142.06656
4844.291, 141.60798
4878.893, 140.53796
4913.495, 140.07937
4948.097, 138.85649
4982.699, 137.78647
5017.301, 137.17502
5051.903, 136.10500
5086.505, 134.72926
5121.107, 133.50637
5155.709, 132.13063
5190.311, 131.21346
5224.913, 130.14344
5259.516, 129.22628
5294.118, 128.30911
5328.720, 128.30911
5363.322, 128.30911
5397.924, 128.92056
5432.526, 128.46197
5467.128, 128.46197
5501.730, 127.39195
5536.332, 125.71048
5570.934, 124.48760
5605.536, 122.80613
5640.138, 121.27753
5674.740, 119.74892
5709.343, 118.67890
5743.945, 117.91460
5778.547, 117.60888
5813.149, 116.99743
5847.751, 116.69171
5882.353, 116.23313
5916.955, 114.85739
5951.557, 113.78736
5986.159, 113.02306
6020.761, 112.25876
6055.363, 111.95304
6089.965, 111.95304
6124.567, 112.25876
6159.170, 112.10590
6193.772, 112.87020
6228.374, 111.95304
6262.976, 111.95304
6297.578, 111.34159
6332.180, 110.27157
6366.782, 109.20155
6401.384, 107.52008
6435.986, 107.06150
6470.588, 106.29720
6505.190, 106.75578
6539.792, 104.92145
6574.394, 105.22717
6608.997, 104.15715
6643.599, 103.54571
6678.201, 102.62854
6712.803, 102.01710
6747.405, 100.94708
6782.007, 100.18277
6816.609, 99.112751
6851.211, 98.807030
6885.813, 98.042727
6920.415, 97.737006
6955.017, 97.584145
6989.619, 97.584145
7024.221, 97.737006
7058.824, 97.737006
7093.426, 97.737006
7128.028, 97.584145
7162.630, 97.584145
7197.232, 95.596958
7231.834, 94.832656
7266.436, 94.832656
7301.038, 95.138377
7335.640, 94.832656
7370.242, 94.679795
7404.844, 94.832656
7439.446, 94.832656
7474.048, 94.679795
7508.651, 94.985516
7543.253, 94.832656
7577.855, 94.832656
7612.457, 94.832656
7647.059, 95.902679
7681.661, 94.985516
7716.263, 94.985516
7750.865, 94.526935
7785.467, 94.985516
7820.069, 94.832656
7854.671, 94.679795
7889.273, 94.985516
7923.875, 94.985516
7958.478, 94.374074
7993.080, 94.832656
8027.682, 94.832656
8062.284, 94.832656
8096.886, 96.666982
8131.488, 99.265611
8166.090, 100.64136
8200.692, 102.01710
8235.294, 103.23999
8269.896, 104.31001
8304.498, 105.53289
8339.100, 105.99147
8373.702, 106.75578
8408.304, 108.13152
8442.907, 109.66013
8477.509, 111.34159
8512.111, 113.48164
8546.713, 115.16311
8581.315, 116.99743
8615.917, 118.22032
8650.519, 120.20750
8685.121, 121.43039
8719.723, 122.80613
8754.325, 123.41758
8788.927, 124.33474
8823.529, 125.86334
8858.131, 126.78051
8892.734, 128.00339
8927.336, 129.22628
8961.938, 129.99058
8996.540, 131.06060
9031.142, 131.97777
9065.744, 133.20065
9100.346, 133.96495
9134.948, 133.81209
9169.550, 133.81209
9204.152, 134.11781
9238.754, 133.81209
9273.356, 134.11781
9307.958, 133.81209
9342.561, 133.96495
9377.163, 133.96495
9411.765, 133.96495
9446.367, 133.81209
9480.969, 133.81209
9515.571, 133.96495
9550.173, 134.11781
9584.775, 134.11781
9619.377, 134.11781
9653.979, 133.96495
9688.581, 133.96495
9723.183, 133.96495
9757.785, 133.96495
9792.388, 133.96495
9826.990, 134.11781
9861.592, 134.11781
9896.194, 133.35351
9930.796, 133.96495
9965.398, 133.96495
0.000, 105.73871
34.602, 106.22711
69.204, 105.25031
103.806, 107.69231
138.408, 108.66911
173.010, 108.18071
207.612, 109.15751
242.215, 108.66911
276.817, 110.13431
311.419, 109.64591
346.021, 111.59951
380.623, 112.08791
415.225, 111.59951
449.827, 112.08791
484.429, 113.55311
519.031, 111.59951
553.633, 113.55311
588.235, 114.04151
622.837, 113.55311
657.439, 115.01832
692.042, 112.57631
726.644, 114.52991
761.246, 114.52991
795.848, 115.99512
830.450, 116.97192
865.052, 116.97192
899.654, 116.97192
934.256, 117.46032
968.858, 117.94872
1003.460, 118.43712
1038.062, 118.43712
1072.664, 119.41392
1107.266, 118.92552
1141.869, 119.90232
1176.471, 119.90232
1211.073, 119.90232
1245.675, 120.87912
1280.277, 120.87912
1314.879, 121.36752
1349.481, 123.32112
1384.083, 123.32112
1418.685, 122.83272
1453.287, 121.85592
1487.889, 124.29792
1522.491, 123.80952
1557.093, 126.25153
1591.696, 125.27473
1626.298, 125.27473
1660.900, 125.27473
1695.502, 125.76313
1730.104, 125.76313
1764.706, 127.22833
1799.308, 125.76313
1833.910, 125.76313
1868.512, 126.25153
1903.114, 127.22833
1937.716, 127.22833
1972.318, 128.69353
2006.920, 127.71673
2041.522, 130.15873
2076.125, 130.64713
2110.727, 130.64713
2145.329, 130.15873
2179.931, 132.11233
2214.533, 131.62393
2249.135, 132.11233
2283.737, 132.11233
2318.339, 130.15873
2352.941, 133.08913
2387.543, 134.06593
2422.145, 135.04274
2456.747, 135.53114
2491.349, 135.04274
2525.952, 134.55433
2560.554, 136.50794
2595.156, 136.99634
2629.758, 137.48474
2664.360, 137.97314
2698.962, 137.97314
2733.564, 138.94994
2768.166, 138.94994
2802.768, 138.94994
2837.370, 139.92674
2871.972, 141.39194
2906.574, 141.88034
2941.176, 142.85714
2975.779, 143.34554
3010.381, 143.34554
3044.983, 144.32234
3079.585, 145.78755
3114.187, 145.78755
3148.789, 147.74115
3183.391, 148.22955
3217.993, 147.25275
3252.595, 149.69475
3287.197, 150.67155
3321.799, 151.15995
3356.401, 151.64835
3391.003, 154.57875
3425.606, 152.62515
3460.208, 154.09035
3494.810, 154.09035
3529.412, 153.11355
3564.014, 155.55556
3598.616, 156.04396
3633.218, 156.53236
3667.820, 158.48596
3702.422, 159.46276
3737.024, 159.46276
3771.626, 160.43956
3806.228, 161.41636
3840.830, 162.39316
3875.433, 161.41636
3910.035, 163.36996
3944.637, 162.39316
3979.239, 163.85836
4013.841, 163.85836
4048.443, 166.30037
4083.045, 165.81197
4117.647, 166.30037
4152.249, 167.27717
4186.851, 167.27717
4221.453, 164.83516
4256.055, 168.25397
4290.657, 168.25397
4325.260, 168.74237
4359.862, 168.25397
4394.464, 173.62637
4429.066, 170.69597
4463.668, 173.13797
4498.270, 173.62637
4532.872, 174.11477
4567.474, 175.09158
4602.076, 174.11477
4636.678, 176.06838
4671.280, 178.02198
4705.882, 178.02198
4740.484, 179.48718
4775.087, 178.51038
4809.689, 179.48718
4844.291, 177.04518
4878.893, 183.39438
4913.495, 180.95238
4948.097, 185.83639
4982.699, 185.83639
5017.301, 188.76679
5051.903, 191.20879
5086.505, 193.65079
5121.107, 195.11600
5155.709, 197.55800
5190.311, 197.55800
5224.913, 199.02320
5259.516, 200.00000
5294.118, 199.02320
5328.720, 198.53480
5363.322, 200.48840
5397.924, 199.51160
5432.526, 199.02320
5467.128, 200.48840
5501.730, 202.93040
5536.332, 205.37241
5570.934, 209.27961
5605.536, 209.27961
5640.138, 214.16361
5674.740, 218.07082
5709.343, 218.55922
5743.945, 218.55922
5778.547, 218.55922
5813.149, 221.00122
5847.751, 221.00122
5882.353, 224.42002
5916.955, 225.39683
5951.557, 228.81563
5986.159, 230.28083
6020.761, 232.72283
6055.363, 229.79243
6089.965, 229.30403
6124.567, 229.79243
6159.170, 228.81563
6193.772, 227.83883
6228.374, 226.86203
6262.976, 229.30403
6297.578, 233.21123
6332.180, 234.18803
6366.782, 237.60684
6401.384, 239.07204
6435.986, 242.00244
6470.588, 244.44444
6505.190, 244.93284
6539.792, 244.93284
6574.394, 247.37485
6608.997, 247.86325
6643.599, 250.30525
6678.201, 253.23565
6712.803, 252.25885
6747.405, 257.14286
6782.007, 261.53846
6816.609, 262.02686
6851.211, 265.93407
6885.813, 264.95726
6920.415, 263.98046
6955.017, 263.49206
6989.619, 263.49206
7024.221, 262.02686
7058.824, 262.02686
7093.426, 261.53846
7128.028, 261.05006
7162.630, 266.91087
7197.232, 270.81807
7231.834, 266.42247
7266.436, 268.86447
7301.038, 269.35287
7335.640, 268.37607
7370.242, 267.88767
7404.844, 267.39927
7439.446, 267.88767
7474.048, 267.88767
7508.651, 266.91087
7543.253, 264.95726
7577.855, 264.46886
7612.457, 264.95726
7647.059, 263.49206
7681.661, 262.51526
7716.263, 263.98046
7750.865, 260.56166
7785.467, 261.05006
7820.069, 262.02686
7854.671, 261.53846
7889.273, 260.56166
7923.875, 260.56166
7958.478, 260.07326
7993.080, 258.11966
8027.682, 258.60806
8062.284, 249.81685
8096.886, 243.95604
8131.488, 237.11844
8166.090, 232.72283
8200.692, 228.81563
8235.294, 224.42002
8269.896, 221.97802
8304.498, 221.00122
8339.100, 218.07082
8373.702, 214.16361
8408.304, 211.72161
8442.907, 207.81441
8477.509, 202.44200
8512.111, 199.02320
8546.713, 195.60440
8581.315, 193.65079
8615.917, 188.76679
8650.519, 186.81319
8685.121, 183.88278
8719.723, 183.39438
8754.325, 182.41758
8788.927, 183.88278
8823.529, 178.99878
8858.131, 177.53358
8892.734, 175.57998
8927.336, 175.09158
8961.938, 173.62637
8996.540, 171.67277
9031.142, 170.20757
9065.744, 169.23077
9100.346, 170.20757
9134.948, 170.20757
9169.550, 169.71917
9204.152, 169.71917
9238.754, 167.76557
9273.356, 170.20757
9307.958, 170.20757
9342.561, 170.20757
9377.163, 169.23077
9411.765, 170.20757
9446.367, 170.20757
9480.969, 170.20757
9515.571, 170.69597
9550.173, 171.18437
9584.775, 170.20757
9619.377, 172.16117
9653.979, 170.20757
9688.581, 170.69597
9723.183, 171.18437
9757.785, 170.20757
9792.388, 170.69597
9826.990, 172.16117
9861.592, 172.16117
9896.194, 172.16117
9930.796, 171.18437
9965.398, 171.67277
0.000, 298.89179
34.602, 299.66947
69.204, 299.82501
103.806, 300.13608
138.408, 300.29162
173.010, 300.91376
207.612, 300.75822
242.215, 300.91376
276.817, 301.53590
311.419, 302.15805
346.021, 302.15805
380.623, 302.46912
415.225, 302.31358
449.827, 302.31358
484.429, 303.40234
519.031, 303.40234
553.633, 303.40234
588.235, 304.02448
622.837, 303.86894
657.439, 304.02448
692.042, 304.33555
726.644, 304.64662
761.246, 304.80216
795.848, 304.64662
830.450, 304.80216
865.052, 305.11323
899.654, 305.11323
934.256, 304.64662
968.858, 305.26877
1003.460, 305.26877
1038.062, 305.11323
1072.664, 305.42430
1107.266, 305.89091
1141.869, 305.42430
1176.471, 305.89091
1211.073, 305.73538
1245.675, 305.73538
1280.277, 305.89091
1314.879, 305.26877
1349.481, 306.04645
1384.083, 305.57984
1418.685, 305.89091
1453.287, 305.42430
1487.889, 305.89091
1522.491, 305.42430
1557.093, 305.89091
1591.696, 305.89091
1626.298, 304.95770
1660.900, 305.89091
1695.502, 305.42430
1730.104, 305.42430
1764.706, 305.26877
1799.308, 304.80216
1833.910, 304.64662
1868.512, 304.49109
1903.114, 304.49109
1937.716, 304.64662
1972.318, 304.64662
2006.920, 305.11323
2041.522, 305.11323
2076.125, 305.42430
2110.727, 305.26877
2145.329, 305.89091
2179.931, 305.26877
2214.533, 305.89091
2249.135, 305.26877
2283.737, 305.11323
2318.339, 305.11323
2352.941, 305.26877
2387.543, 305.26877
2422.145, 305.11323
2456.747, 304.80216
2491.349, 305.26877
2525.952, 305.57984
2560.554, 305.73538
2595.156, 306.04645
2629.758, 305.73538
2664.360, 305.57984
2698.962, 305.73538
2733.564, 305.89091
2768.166, 305.57984
2802.768, 305.89091
2837.370, 305.89091
2871.972, 306.35752
2906.574, 306.51306
2941.176, 305.42430
2975.779, 306.66859
3010.381, 306.66859
3044.983, 307.13520
3079.585, 307.29074
3114.187, 307.44627
3148.789, 307.60181
3183.391, 308.37949
3217.993, 308.22395
3252.595, 308.37949
3287.197, 308.69056
3321.799, 308.53502
3356.401, 308.53502
3391.003, 309.62378
3425.606, 309.15717
3460.208, 309.00163
3494.810, 309.15717
3529.412, 309.62378
3564.014, 309.00163
3598.616, 308.69056
3633.218, 309.15717
3667.820, 309.46824
3702.422, 309.62378
3737.024, 309.46824
3771.626, 309.62378
3806.228, 309.77931
3840.830, 309.93485
3875.433, 309.77931
3910.035, 309.62378
3944.637, 309.93485
3979.239, 309.77931
4013.841, 309.77931
4048.443, 309.46824
4083.045, 309.00163
4117.647, 309.62378
4152.249, 309.62378
4186.851, 309.62378
4221.453, 309.62378
4256.055, 309.00163
4290.657, 309.62378
4325.260, 309.00163
4359.862, 309.15717
4394.464, 309.46824
4429.066, 309.31270
4463.668, 309.31270
4498.270, 309.00163
4532.872, 308.22395
4567.474, 309.15717
4602.076, 309.46824
4636.678, 308.84610
4671.280, 309.62378
4705.882, 309.62378
4740.484, 309.31270
4775.087, 309.31270
4809.689, 309.62378
4844.291, 309.77931
4878.893, 309.93485
4913.495, 310.86806
4948.097, 310.86806
4982.699, 310.86806
5017.301, 310.86806
5051.903, 312.11235
5086.505, 312.26789
5121.107, 313.35664
5155.709, 313.35664
5190.311, 313.66771
5224.913, 313.35664
5259.516, 314.60093
5294.118, 314.13432
5328.720, 313.82325
5363.322, 313.35664
5397.924, 313.04557
5432.526, 312.26789
5467.128, 312.11235
5501.730, 313.35664
5536.332, 313.20111
5570.934, 314.60093
5605.536, 315.37861
5640.138, 316.00075
5674.740, 316.93397
5709.343, 317.24504
5743.945, 316.93397
5778.547, 316.93397
5813.149, 317.08951
5847.751, 317.08951
5882.353, 317.55611
5916.955, 317.71165
5951.557, 317.86719
5986.159, 318.48933
6020.761, 318.17826
6055.363, 317.71165
6089.965, 317.40058
6124.567, 316.31183
6159.170, 315.84522
6193.772, 315.84522
6228.374, 315.06754
6262.976, 314.75647
6297.578, 315.22307
6332.180, 316.00075
6366.782, 316.46736
6401.384, 317.08951
6435.986, 317.55611
6470.588, 317.71165
6505.190, 318.33379
6539.792, 317.86719
6574.394, 317.86719
6608.997, 318.02272
6643.599, 318.33379
6678.201, 318.80040
6712.803, 319.26701
6747.405, 319.57808
6782.007, 320.51130
6816.609, 320.82237
6851.211, 320.35576
6885.813, 321.44451
6920.415, 320.97791
6955.017, 320.51130
6989.619, 318.17826
7024.221, 319.26701
7058.824, 318.80040
7093.426, 318.33379
7128.028, 318.17826
7162.630, 318.33379
7197.232, 319.73362
7231.834, 319.73362
7266.436, 319.26701
7301.038, 318.95594
7335.640, 318.48933
7370.242, 317.24504
7404.844, 317.08951
7439.446, 317.40058
7474.048, 316.77843
7508.651, 316.00075
7543.253, 315.68968
7577.855, 315.22307
7612.457, 314.60093
7647.059, 314.60093
7681.661, 312.57896
7716.263, 313.35664
7750.865, 312.73450
7785.467, 312.11235
7820.069, 312.11235
7854.671, 311.33467
7889.273, 311.17914
7923.875, 310.71253
7958.478, 309.93485
7993.080, 309.00163
8027.682, 309.00163
8062.284, 307.44627
8096.886, 305.26877
8131.488, 302.46912
8166.090, 299.82501
8200.692, 298.58072
8235.294, 297.49197
8269.896, 296.40321
8304.498, 295.31446
8339.100, 295.15893
8373.702, 293.75910
8408.304, 293.13696
8442.907, 292.35928
8477.509, 290.95945
8512.111, 290.33731
8546.713, 289.55963
8581.315, 288.47088
8615.917, 288.00427
8650.519, 287.53766
8685.121, 287.22659
8719.723, 286.60445
8754.325, 286.60445
8788.927, 286.13784
8823.529, 285.98230
8858.131, 285.51569
8892.734, 285.04909
8927.336, 284.89355
8961.938, 284.27141
8996.540, 284.11587
9031.142, 284.11587
9065.744, 283.49373
9100.346, 283.80480
9134.948, 284.11587
9169.550, 283.96033
9204.152, 284.27141
9238.754, 284.42694
9273.356, 285.04909
9307.958, 285.36016
9342.561, 285.36016
9377.163, 283.80480
9411.765, 285.98230
9446.367, 286.13784
9480.969, 286.60445
9515.571, 286.60445
9550.173, 286.91552
9584.775, 287.38213
9619.377, 286.60445
9653.979, 288.00427
9688.581, 288.47088
9723.183, 288.31534
9757.785, 288.47088
9792.388, 288.78195
9826.990, 288.78195
9861.592, 289.09302
9896.194, 289.24856
9930.796, 288.62641
9965.398, 289.71517
"EOF"
