"DATA MONITOR"
"NORMAL DATA"
867
3
289,578,867,0,0,0,0
"Volume"
"cm^3"
"Time"
"ms"
:R"Time" "Volume"~Volume~cm^3~press„o~kPa~Temperature~K~
0.000, 229.96018
0.346, 229.80732
0.692, 229.50160
1.038, 229.34874
1.384, 229.04302
1.730, 228.58444
2.076, 228.27872
2.422, 227.36156
2.768, 228.27872
3.114, 227.66728
3.460, 227.66728
3.806, 227.20870
4.152, 226.75012
4.498, 226.59726
4.844, 226.44441
5.190, 226.29155
5.536, 225.68011
5.882, 225.52725
6.228, 225.06867
6.574, 225.22153
6.920, 224.61009
7.266, 224.45723
7.612, 224.30437
7.958, 224.15151
8.304, 223.69293
8.651, 222.77578
8.997, 223.08149
9.343, 222.47006
9.689, 222.31720
10.035, 221.70576
10.381, 221.55290
10.727, 221.24718
11.073, 220.78860
11.419, 220.94146
11.765, 220.02430
12.111, 219.87144
12.457, 219.56572
12.803, 218.80143
13.149, 218.95429
13.495, 218.49571
13.841, 217.73141
14.187, 217.88427
14.533, 217.27283
14.879, 216.81425
15.225, 216.50853
15.571, 216.04995
15.917, 215.74423
16.263, 214.82708
16.609, 214.82708
16.955, 214.52136
17.301, 214.06278
17.647, 213.45134
17.993, 213.14562
18.339, 212.68704
18.685, 211.92274
19.031, 211.76989
19.377, 211.46417
19.723, 210.54701
20.069, 210.85273
20.415, 210.39415
20.761, 209.62985
21.107, 209.32413
21.453, 208.71269
21.799, 208.40697
22.145, 207.94840
22.491, 207.03124
22.837, 206.87838
23.183, 206.57266
23.529, 205.65550
23.875, 205.04406
24.221, 205.04406
24.567, 204.43263
24.913, 203.97405
25.260, 203.66833
25.606, 203.36261
25.952, 202.59831
26.298, 202.13973
26.644, 201.68115
26.990, 201.37543
27.336, 200.45828
27.682, 199.84684
28.028, 199.23540
28.374, 198.62396
28.720, 198.62396
29.066, 197.55394
29.412, 197.09537
29.758, 196.63679
30.104, 195.71963
30.450, 195.56677
30.796, 194.80247
31.142, 194.34389
31.488, 193.57959
31.834, 193.42674
32.180, 192.66244
32.526, 191.43956
32.872, 191.74528
33.218, 191.13384
33.564, 190.52240
33.910, 189.91096
34.256, 188.99381
34.602, 188.84095
34.948, 187.77093
35.294, 187.46521
35.640, 187.00663
35.986, 186.54805
36.332, 185.17232
36.678, 185.32518
37.024, 185.01946
37.370, 183.64372
37.716, 183.49086
38.062, 183.18514
38.408, 182.42084
38.754, 181.65655
39.100, 180.89225
39.446, 179.82223
39.792, 179.66937
40.138, 178.75221
40.484, 178.44650
40.830, 177.83506
41.176, 177.52934
41.522, 176.61218
41.869, 176.00074
42.215, 175.38930
42.561, 174.31929
42.907, 174.31929
43.253, 173.55499
43.599, 172.63783
43.945, 171.87353
44.291, 171.56781
44.637, 170.95638
44.983, 170.19208
45.329, 169.42778
45.675, 168.96920
46.021, 168.20490
46.367, 167.44061
46.713, 166.67631
47.059, 166.21773
47.405, 166.06487
47.751, 164.84199
48.097, 164.23055
48.443, 163.61912
48.789, 162.39624
49.135, 162.24338
49.481, 161.78480
49.827, 160.86764
50.173, 160.25621
50.519, 159.49191
50.865, 158.88047
51.211, 158.42189
51.557, 157.65759
51.903, 157.04615
52.249, 156.28186
52.595, 155.51756
52.941, 154.90612
53.287, 154.60040
53.633, 153.83610
53.979, 152.91895
54.325, 152.76609
54.671, 151.69607
55.017, 151.23749
55.363, 150.32033
55.709, 149.86175
56.055, 148.79174
56.401, 148.18030
56.747, 148.18030
57.093, 147.26314
57.439, 146.04026
57.785, 145.42883
58.131, 144.97025
58.478, 144.20595
58.824, 143.13593
59.170, 142.83021
59.516, 142.06591
59.862, 141.45448
60.208, 140.38446
60.554, 140.23160
60.900, 139.77302
61.246, 138.55014
61.592, 138.39728
61.938, 137.78585
62.284, 137.32727
62.630, 136.71583
62.976, 135.79867
63.322, 135.18723
63.668, 134.42294
64.014, 133.65864
64.360, 133.20006
64.706, 132.58862
65.052, 132.13004
65.398, 131.67146
65.744, 130.90716
66.090, 130.29573
66.436, 129.83715
66.782, 129.07285
67.128, 128.46141
67.474, 127.08568
67.820, 127.23853
68.166, 126.93282
68.512, 126.16852
68.858, 125.86280
69.204, 124.79278
69.550, 124.48706
69.896, 124.18134
70.242, 123.26419
70.588, 122.80561
70.934, 122.34703
71.280, 121.88845
71.626, 121.27701
71.972, 120.97129
72.318, 120.51271
72.664, 120.35985
73.010, 119.74842
73.356, 119.28984
73.702, 118.67840
74.048, 118.21982
74.394, 117.76124
74.740, 117.30266
75.087, 116.99694
75.433, 116.38550
75.779, 116.38550
76.125, 115.77407
76.471, 115.46835
76.817, 115.16263
77.163, 115.00977
77.509, 114.85691
77.855, 113.93975
78.201, 113.78689
78.547, 113.63403
78.893, 113.48117
79.239, 112.71687
79.585, 112.41116
79.931, 112.10544
80.277, 111.79972
80.623, 111.64686
80.969, 111.49400
81.315, 111.34114
81.661, 111.03542
82.007, 110.72970
82.353, 110.42398
82.699, 109.96540
83.045, 109.96540
83.391, 109.96540
83.737, 109.50682
84.083, 109.35396
84.429, 109.35396
84.775, 108.89538
85.121, 108.58967
85.467, 108.58967
85.813, 108.58967
86.159, 108.43681
86.505, 107.97823
86.851, 108.28395
87.197, 108.13109
87.543, 107.36679
87.889, 107.51965
88.235, 107.67251
88.581, 107.67251
88.927, 107.67251
89.273, 107.36679
89.619, 107.51965
89.965, 107.82537
90.311, 107.06107
90.657, 107.06107
91.003, 107.06107
91.349, 107.06107
91.696, 106.90821
92.042, 107.21393
92.388, 106.90821
92.734, 107.06107
93.080, 106.75535
93.426, 106.90821
93.772, 106.90821
94.118, 107.06107
94.464, 107.06107
94.810, 107.06107
95.156, 106.90821
95.502, 107.06107
95.848, 107.21393
96.194, 106.90821
96.540, 106.90821
96.886, 107.06107
97.232, 107.06107
97.578, 106.90821
97.924, 106.90821
98.270, 107.06107
98.616, 107.06107
98.962, 107.21393
99.308, 107.06107
99.654, 107.06107
0.000, 104.76190
0.346, 104.76190
0.692, 105.73871
1.038, 106.22711
1.384, 105.25031
1.730, 104.76190
2.076, 107.69231
2.422, 106.71551
2.768, 106.71551
3.114, 107.69231
3.460, 107.20391
3.806, 107.69231
4.152, 106.71551
4.498, 107.69231
4.844, 107.69231
5.190, 107.69231
5.536, 108.18071
5.882, 109.15751
6.228, 107.69231
6.574, 109.64591
6.920, 109.64591
7.266, 109.64591
7.612, 108.66911
7.958, 110.13431
8.304, 109.64591
8.651, 107.20391
8.997, 107.69231
9.343, 111.59951
9.689, 111.59951
10.035, 108.66911
10.381, 111.59951
10.727, 111.11111
11.073, 111.59951
11.419, 111.59951
11.765, 112.08791
12.111, 113.55311
12.457, 111.59951
12.803, 110.62271
13.149, 113.55311
13.495, 113.55311
13.841, 114.04151
14.187, 114.04151
14.533, 114.52991
14.879, 113.55311
15.225, 114.52991
15.571, 115.01832
15.917, 115.50672
16.263, 115.50672
16.609, 115.99512
16.955, 116.48352
17.301, 116.48352
17.647, 117.46032
17.993, 117.46032
18.339, 117.94872
18.685, 118.43712
19.031, 115.50672
19.377, 118.43712
19.723, 119.41392
20.069, 118.43712
20.415, 119.90232
20.761, 119.90232
21.107, 120.39072
21.453, 120.39072
21.799, 121.36752
22.145, 121.36752
22.491, 118.43712
22.837, 120.87912
23.183, 123.32112
23.529, 123.80952
23.875, 123.32112
24.221, 124.29792
24.567, 124.29792
24.913, 124.78632
25.260, 124.78632
25.606, 125.76313
25.952, 126.25153
26.298, 126.73993
26.644, 127.71673
26.990, 127.22833
27.336, 127.22833
27.682, 128.20513
28.028, 129.18193
28.374, 129.18193
28.720, 126.25153
29.066, 128.20513
29.412, 131.13553
29.758, 131.13553
30.104, 131.13553
30.450, 132.11233
30.796, 133.08913
31.142, 133.08913
31.488, 132.60073
31.834, 134.55433
32.180, 135.53114
32.526, 134.06593
32.872, 134.06593
33.218, 136.99634
33.564, 137.48474
33.910, 136.99634
34.256, 138.46154
34.602, 139.43834
34.948, 139.43834
35.294, 139.92674
35.640, 140.90354
35.986, 141.88034
36.332, 141.88034
36.678, 142.85714
37.024, 142.36874
37.370, 144.81074
37.716, 144.32234
38.062, 146.76435
38.408, 145.78755
38.754, 147.25275
39.100, 146.27595
39.446, 148.71795
39.792, 149.20635
40.138, 149.20635
40.484, 150.67155
40.830, 151.64835
41.176, 151.15995
41.522, 152.62515
41.869, 153.60195
42.215, 153.60195
42.561, 154.57875
42.907, 155.55556
43.253, 156.53236
43.599, 157.50916
43.945, 157.50916
44.291, 159.46276
44.637, 160.92796
44.983, 160.43956
45.329, 160.92796
45.675, 161.90476
46.021, 164.34676
46.367, 164.83516
46.713, 166.30037
47.059, 166.30037
47.405, 167.27717
47.751, 167.27717
48.097, 168.74237
48.443, 170.20757
48.789, 171.18437
49.135, 171.67277
49.481, 174.60317
49.827, 174.11477
50.173, 173.13797
50.519, 176.06838
50.865, 177.53358
51.211, 178.51038
51.557, 177.53358
51.903, 180.95238
52.249, 181.92918
52.595, 182.41758
52.941, 182.41758
53.287, 184.85958
53.633, 185.83639
53.979, 186.81319
54.325, 188.76679
54.671, 190.72039
55.017, 190.72039
55.363, 190.72039
55.709, 193.65079
56.055, 194.13919
56.401, 194.62759
56.747, 196.58120
57.093, 198.04640
57.439, 198.53480
57.785, 200.00000
58.131, 201.46520
58.478, 202.44200
58.824, 203.41880
59.170, 203.41880
59.516, 206.34921
59.862, 207.81441
60.208, 209.76801
60.554, 210.25641
60.900, 211.72161
61.246, 211.23321
61.592, 214.16361
61.938, 215.62882
62.284, 217.09402
62.630, 220.02442
62.976, 218.07082
63.322, 221.00122
63.668, 222.95482
64.014, 223.44322
64.360, 224.42002
64.706, 226.37363
65.052, 226.86203
65.398, 228.32723
65.744, 230.76923
66.090, 232.72283
66.436, 233.69963
66.782, 235.16484
67.128, 236.63004
67.474, 237.60684
67.820, 238.58364
68.166, 240.53724
68.512, 242.97924
68.858, 245.42125
69.204, 242.97924
69.550, 245.42125
69.896, 248.35165
70.242, 247.86325
70.588, 250.30525
70.934, 251.77045
71.280, 253.23565
71.626, 253.23565
71.972, 256.16606
72.318, 256.65446
72.664, 258.11966
73.010, 257.63126
73.356, 261.05006
73.702, 262.51526
74.048, 263.98046
74.394, 264.46886
74.740, 265.44567
75.087, 266.91087
75.433, 267.88767
75.779, 269.84127
76.125, 270.81807
76.471, 271.79487
76.817, 272.28327
77.163, 274.23687
77.509, 273.74847
77.855, 275.70208
78.201, 278.14408
78.547, 278.63248
78.893, 274.72527
79.239, 277.65568
79.585, 281.56288
79.931, 281.56288
80.277, 282.53968
80.623, 284.00488
80.969, 285.47009
81.315, 286.44689
81.661, 286.44689
82.007, 288.40049
82.353, 287.42369
82.699, 291.33089
83.045, 288.40049
83.391, 290.35409
83.737, 291.33089
84.083, 291.33089
84.429, 292.30769
84.775, 292.79609
85.121, 293.77289
85.467, 293.77289
85.813, 294.74969
86.159, 295.23810
86.505, 295.23810
86.851, 296.21490
87.197, 296.21490
87.543, 297.19170
87.889, 297.19170
88.235, 297.19170
88.581, 297.68010
88.927, 297.68010
89.273, 297.68010
89.619, 298.16850
89.965, 299.14530
90.311, 298.16850
90.657, 299.14530
91.003, 299.14530
91.349, 295.23810
91.696, 298.16850
92.042, 299.63370
92.388, 298.16850
92.734, 296.21490
93.080, 297.68010
93.426, 298.65690
93.772, 298.16850
94.118, 299.14530
94.464, 300.12210
94.810, 299.14530
95.156, 297.68010
95.502, 298.16850
95.848, 298.16850
96.194, 297.68010
96.540, 298.16850
96.886, 297.68010
97.232, 299.14530
97.578, 296.21490
97.924, 297.68010
98.270, 298.16850
98.616, 297.19170
98.962, 295.23810
99.308, 296.21490
99.654, 297.68010
0.000, 290.95945
0.346, 290.64838
0.692, 290.64838
1.038, 290.64838
1.384, 290.80392
1.730, 290.18177
2.076, 290.64838
2.422, 290.33731
2.768, 289.24856
3.114, 290.95945
3.460, 290.95945
3.806, 290.80392
4.152, 290.95945
4.498, 290.95945
4.844, 291.27053
5.190, 291.11499
5.536, 291.11499
5.882, 291.27053
6.228, 291.11499
6.574, 291.11499
6.920, 291.58160
7.266, 291.42606
7.612, 291.42606
7.958, 291.27053
8.304, 291.58160
8.651, 291.42606
8.997, 291.58160
9.343, 291.89267
9.689, 291.58160
10.035, 291.27053
10.381, 291.89267
10.727, 292.04821
11.073, 291.89267
11.419, 292.20374
11.765, 292.04821
12.111, 292.20374
12.457, 292.20374
12.803, 292.20374
13.149, 292.51481
13.495, 292.35928
13.841, 292.35928
14.187, 292.51481
14.533, 292.82589
14.879, 292.51481
15.225, 292.82589
15.571, 292.82589
15.917, 292.82589
16.263, 293.13696
16.609, 293.29249
16.955, 293.13696
17.301, 293.44803
17.647, 293.13696
17.993, 293.44803
18.339, 293.60357
18.685, 292.98142
19.031, 293.60357
19.377, 293.60357
19.723, 292.82589
20.069, 293.75910
20.415, 293.91464
20.761, 293.91464
21.107, 293.75910
21.453, 293.91464
21.799, 294.53678
22.145, 293.44803
22.491, 294.22571
22.837, 294.69232
23.183, 294.69232
23.529, 294.69232
23.875, 294.69232
24.221, 295.00339
24.567, 295.31446
24.913, 295.31446
25.260, 295.31446
25.606, 295.62553
25.952, 295.47000
26.298, 295.47000
26.644, 295.78107
26.990, 295.62553
27.336, 295.93661
27.682, 296.09214
28.028, 296.24768
28.374, 296.24768
28.720, 295.31446
29.066, 296.55875
29.412, 296.55875
29.758, 296.55875
30.104, 296.55875
30.450, 297.02536
30.796, 297.18089
31.142, 296.86982
31.488, 297.18089
31.834, 297.49197
32.180, 297.49197
32.526, 296.86982
32.872, 297.80304
33.218, 297.80304
33.564, 297.95858
33.910, 298.26965
34.256, 298.42518
34.602, 298.42518
34.948, 298.42518
35.294, 298.42518
35.640, 298.73626
35.986, 299.04733
36.332, 298.73626
36.678, 299.51394
37.024, 299.35840
37.370, 299.04733
37.716, 299.66947
38.062, 299.82501
38.408, 300.13608
38.754, 298.58072
39.100, 300.60269
39.446, 300.75822
39.792, 299.66947
40.138, 300.44715
40.484, 300.91376
40.830, 301.22483
41.176, 300.75822
41.522, 301.84698
41.869, 301.69144
42.215, 301.53590
42.561, 301.53590
42.907, 301.84698
43.253, 302.31358
43.599, 302.46912
43.945, 302.62466
44.291, 302.93573
44.637, 302.93573
44.983, 303.24680
45.329, 303.40234
45.675, 303.71341
46.021, 303.71341
46.367, 303.86894
46.713, 304.02448
47.059, 304.33555
47.405, 304.33555
47.751, 304.95770
48.097, 304.95770
48.443, 305.26877
48.789, 304.18002
49.135, 305.73538
49.481, 305.57984
49.827, 305.57984
50.173, 306.20198
50.519, 306.51306
50.865, 306.82413
51.211, 306.51306
51.557, 307.13520
51.903, 306.97966
52.249, 306.82413
52.595, 307.60181
52.941, 307.91288
53.287, 308.37949
53.633, 308.37949
53.979, 308.69056
54.325, 309.00163
54.671, 309.00163
55.017, 309.15717
55.363, 309.77931
55.709, 309.93485
56.055, 309.93485
56.401, 310.09038
56.747, 310.55699
57.093, 310.86806
57.439, 310.86806
57.785, 311.64574
58.131, 311.80128
58.478, 311.80128
58.824, 311.64574
59.170, 312.11235
59.516, 312.42342
59.862, 313.35664
60.208, 313.20111
60.554, 313.51218
60.900, 313.51218
61.246, 313.97879
61.592, 314.13432
61.938, 314.60093
62.284, 314.44539
62.630, 315.22307
62.976, 315.53415
63.322, 315.53415
63.668, 315.84522
64.014, 315.84522
64.360, 316.46736
64.706, 316.46736
65.052, 316.77843
65.398, 317.24504
65.744, 317.55611
66.090, 317.55611
66.436, 318.17826
66.782, 318.33379
67.128, 318.33379
67.474, 318.17826
67.820, 319.11147
68.166, 319.73362
68.512, 319.11147
68.858, 318.80040
69.204, 320.51130
69.550, 320.66683
69.896, 320.04469
70.242, 321.44451
70.588, 321.60005
70.934, 321.91112
71.280, 321.60005
71.626, 322.37773
71.972, 322.68880
72.318, 322.84434
72.664, 322.99987
73.010, 323.62202
73.356, 323.93309
73.702, 324.24416
74.048, 324.39970
74.394, 324.71077
74.740, 324.86631
75.087, 325.17738
75.433, 325.48845
75.779, 325.79952
76.125, 325.95506
76.471, 326.11059
76.817, 326.57720
77.163, 326.73274
77.509, 326.73274
77.855, 327.19935
78.201, 327.66595
78.547, 327.82149
78.893, 327.82149
79.239, 328.59917
79.585, 328.75471
79.931, 328.28810
80.277, 329.22132
80.623, 329.37685
80.969, 329.68792
81.315, 329.68792
81.661, 330.15453
82.007, 330.46560
82.353, 330.77668
82.699, 330.46560
83.045, 331.39882
83.391, 331.24328
83.737, 331.39882
84.083, 331.39882
84.429, 332.02096
84.775, 332.02096
85.121, 332.02096
85.467, 332.48757
85.813, 332.79864
86.159, 332.64311
86.505, 332.95418
86.851, 333.26525
87.197, 333.42079
87.543, 333.57632
87.889, 333.88740
88.235, 334.19847
88.581, 334.19847
88.927, 333.57632
89.273, 335.13168
89.619, 334.66508
89.965, 333.88740
90.311, 334.82061
90.657, 335.44276
91.003, 335.44276
91.349, 335.28722
91.696, 335.59829
92.042, 335.90936
92.388, 335.28722
92.734, 336.06490
93.080, 335.90936
93.426, 336.37597
93.772, 336.37597
94.118, 336.53151
94.464, 336.68704
94.810, 336.37597
95.156, 336.68704
95.502, 337.15365
95.848, 336.99812
96.194, 337.15365
96.540, 337.30919
96.886, 337.30919
97.232, 337.46472
97.578, 337.46472
97.924, 337.62026
98.270, 337.93133
98.616, 337.62026
98.962, 337.93133
99.308, 338.24240
99.654, 338.24240
"EOF"
