"DATA MONITOR"
"NORMAL DATA"
867
3
289,578,867,0,0,0,0
"Volume"
"cm^3"
"Time"
"ms"
:R"Time" "Volume"~Volume~cm^3~press„o~kPa~Temperature~K~
0, 5.440567
17.301, 5.440567
34.602, 5.438576
51.903, 5.435915
69.204, 5.436581
86.505, 5.434582
103.806, 5.433247
121.107, 5.430573
138.408, 5.429903
155.709, 5.42789
173.01, 5.427219
190.311, 5.425201
207.612, 5.423854
224.913, 5.423179
242.215, 5.421829
259.516, 5.420477
276.817, 5.419124
294.118, 5.417768
311.419, 5.41709
328.72, 5.415731
346.021, 5.415731
363.322, 5.415731
380.623, 5.41369
397.924, 5.411645
415.225, 5.415731
432.526, 5.410279
449.827, 5.409596
467.128, 5.408912
484.429, 5.408912
501.73, 5.404798
519.031, 5.405485
536.332, 5.406171
553.633, 5.404798
570.934, 5.406171
588.235, 5.405485
605.536, 5.404798
622.837, 5.405485
640.138, 5.404798
657.439, 5.406171
674.74, 5.406857
692.042, 5.404798
709.343, 5.406171
726.644, 5.406171
743.945, 5.406171
761.246, 5.406857
778.547, 5.403423
795.848, 5.401356
813.149, 5.398595
830.45, 5.395825
847.751, 5.395132
865.052, 5.393048
882.353, 5.390263
899.654, 5.38817
916.955, 5.385371
934.256, 5.383267
951.557, 5.382565
968.858, 5.377635
986.159, 5.376929
1003.46, 5.37339
1020.761, 5.371261
1038.062, 5.369839
1055.363, 5.366988
1072.664, 5.36413
1089.965, 5.362698
1107.266, 5.361263
1124.567, 5.357668
1141.869, 5.354061
1159.17, 5.352614
1176.471, 5.35044
1193.772, 5.346077
1211.073, 5.343889
1228.374, 5.340964
1245.675, 5.338764
1262.976, 5.335824
1280.277, 5.332136
1297.578, 5.330657
1314.879, 5.327693
1332.18, 5.32472
1349.481, 5.321738
1366.782, 5.320244
1384.083, 5.317248
1401.384, 5.315747
1418.685, 5.313491
1435.986, 5.310476
1453.287, 5.30972
1470.588, 5.305935
1487.889, 5.306693
1505.19, 5.303657
1522.491, 5.300611
1539.792, 5.298321
1557.093, 5.296791
1574.394, 5.295259
1591.696, 5.294492
1608.997, 5.291418
1626.298, 5.289878
1643.599, 5.287563
1660.9, 5.285243
1678.201, 5.284468
1695.502, 5.282917
1712.803, 5.282917
1730.104, 5.281363
1747.405, 5.280586
1764.706, 5.279028
1782.007, 5.278249
1799.308, 5.277469
1816.609, 5.275907
1833.91, 5.274342
1851.211, 5.271991
1868.512, 5.271206
1885.813, 5.269634
1903.114, 5.26806
1920.415, 5.265694
1937.716, 5.263322
1955.017, 5.260945
1972.318, 5.260945
1989.619, 5.255375
2006.92, 5.255375
2024.221, 5.254577
2041.522, 5.253778
2058.824, 5.253778
2076.125, 5.251378
2093.426, 5.249775
2110.727, 5.24656
2128.028, 5.244949
2145.329, 5.241719
2162.63, 5.241719
2179.931, 5.24091
2197.232, 5.237667
2214.533, 5.236041
2231.834, 5.232783
2249.135, 5.231966
2266.436, 5.230331
2283.737, 5.227874
2301.038, 5.226233
2318.339, 5.224588
2335.64, 5.221292
2352.941, 5.219639
2370.242, 5.217984
2387.543, 5.214666
2404.844, 5.214666
2422.145, 5.213003
2439.446, 5.211336
2456.747, 5.207996
2474.048, 5.207159
2491.349, 5.207159
2508.651, 5.205483
2525.952, 5.204644
2543.253, 5.202123
2560.554, 5.201281
2577.855, 5.199595
2595.156, 5.197061
2612.457, 5.194521
2629.758, 5.192823
2647.059, 5.190272
2664.36, 5.188568
2681.661, 5.186005
2698.962, 5.184294
2716.263, 5.180861
2733.564, 5.172229
2750.865, 5.174826
2768.166, 5.173961
2785.467, 5.169624
2802.768, 5.167013
2820.069, 5.163521
2837.37, 5.16177
2854.671, 5.160016
2871.972, 5.15738
2889.273, 5.154736
2906.574, 5.15297
2923.875, 5.151201
2941.176, 5.142307
2958.478, 5.146764
2975.779, 5.144983
2993.08, 5.1432
3010.381, 5.142307
3027.682, 5.13783
3044.983, 5.138727
3062.284, 5.136932
3079.585, 5.135135
3096.886, 5.132432
3114.187, 5.128816
3131.488, 5.126096
3148.789, 5.126096
3166.09, 5.125188
3183.391, 5.123369
3200.692, 5.121546
3217.993, 5.117891
3235.294, 5.114223
3252.595, 5.114223
3269.896, 5.112383
3287.197, 5.109618
3304.498, 5.108695
3321.799, 5.103136
3339.1, 5.103136
3356.401, 5.102206
3373.702, 5.101276
3391.003, 5.095676
3408.304, 5.092864
3425.606, 5.090985
3442.907, 5.090985
3460.208, 5.08816
3477.509, 5.08438
3494.81, 5.08438
3512.111, 5.080587
3529.412, 5.080587
3546.713, 5.075824
3564.014, 5.073913
3581.315, 5.072956
3598.616, 5.070079
3615.917, 5.066231
3633.218, 5.067194
3650.519, 5.062368
3667.82, 5.05946
3685.121, 5.057517
3702.422, 5.052643
3719.723, 5.051666
3737.024, 5.047746
3754.325, 5.04381
3771.626, 5.039859
3788.927, 5.038869
3806.228, 5.037878
3823.529, 5.035892
3840.83, 5.030912
3858.131, 5.024902
3875.433, 5.022891
3892.734, 5.019866
3910.035, 5.015819
3927.336, 5.01379
3944.637, 5.010737
3961.938, 5.007676
3979.239, 5.00563
3996.54, 5.002552
4013.841, 4.999465
4031.142, 4.996369
4048.443, 4.989107
4065.744, 4.990148
4083.045, 4.989107
4100.346, 4.985978
4117.647, 4.983887
4134.948, 4.980742
4152.249, 4.977587
4169.55, 4.973365
4186.851, 4.964867
4204.152, 4.970186
4221.453, 4.968062
4238.754, 4.962731
4256.055, 4.96059
4273.356, 4.958445
4290.657, 4.954141
4307.958, 4.953063
4325.26, 4.946565
4342.561, 4.946565
4359.862, 4.9433
4377.163, 4.93893
4394.464, 4.933441
4411.765, 4.933441
4429.066, 4.929028
4446.367, 4.924595
4463.668, 4.924595
4480.969, 4.921258
4498.27, 4.919026
4515.571, 4.923484
4532.872, 4.907795
4550.173, 4.906665
4567.474, 4.903267
4584.775, 4.897578
4602.076, 4.891857
4619.377, 4.887256
4636.678, 4.882633
4653.979, 4.880314
4671.28, 4.87566
4688.581, 4.869811
4705.882, 4.866285
4723.183, 4.862747
4740.484, 4.85801
4757.785, 4.852057
4775.087, 4.848468
4792.388, 4.842457
4809.689, 4.837623
4826.99, 4.830327
4844.291, 4.826659
4861.592, 4.820516
4878.893, 4.813093
4896.194, 4.811851
4913.495, 4.809361
4930.796, 4.803111
4948.097, 4.800599
4965.398, 4.798082
4982.699, 4.794293
0, 4.637605
17.301, 4.65169
34.602, 4.642322
51.903, 4.647017
69.204, 4.65169
86.505, 4.65169
103.806, 4.647017
121.107, 4.660971
138.408, 4.660971
155.709, 4.660971
173.01, 4.674733
190.311, 4.660971
207.612, 4.665579
224.913, 4.660971
242.215, 4.679278
259.516, 4.670167
276.817, 4.674733
294.118, 4.679278
311.419, 4.670167
328.72, 4.679278
346.021, 4.679278
363.322, 4.674733
380.623, 4.679278
397.924, 4.679278
415.225, 4.683803
432.526, 4.688308
449.827, 4.679278
467.128, 4.674733
484.429, 4.683803
501.73, 4.683803
519.031, 4.688308
536.332, 4.679278
553.633, 4.688308
570.934, 4.683803
588.235, 4.683803
605.536, 4.683803
622.837, 4.683803
640.138, 4.674733
657.439, 4.679278
674.74, 4.683803
692.042, 4.679278
709.343, 4.688308
726.644, 4.679278
743.945, 4.679278
761.246, 4.683803
778.547, 4.679278
795.848, 4.674733
813.149, 4.697256
830.45, 4.697256
847.751, 4.679278
865.052, 4.714917
882.353, 4.701701
899.654, 4.701701
916.955, 4.732271
934.256, 4.714917
951.557, 4.719283
968.858, 4.714917
986.159, 4.719283
1003.46, 4.72796
1020.761, 4.723631
1038.062, 4.736563
1055.363, 4.732271
1072.664, 4.736563
1089.965, 4.740836
1107.266, 4.736563
1124.567, 4.745091
1141.869, 4.749329
1159.17, 4.753548
1176.471, 4.75775
1193.772, 4.761934
1211.073, 4.761934
1228.374, 4.782596
1245.675, 4.766101
1262.976, 4.782596
1280.277, 4.782596
1297.578, 4.782596
1314.879, 4.782596
1332.18, 4.790742
1349.481, 4.794791
1366.782, 4.794791
1384.083, 4.790742
1401.384, 4.794791
1418.685, 4.798823
1435.986, 4.798823
1453.287, 4.806839
1470.588, 4.798823
1487.889, 4.786677
1505.19, 4.806839
1522.491, 4.814792
1539.792, 4.822681
1557.093, 4.818744
1574.394, 4.818744
1591.696, 4.794791
1608.997, 4.822681
1626.298, 4.830509
1643.599, 4.826603
1660.9, 4.822681
1678.201, 4.822681
1695.502, 4.8344
1712.803, 4.830509
1730.104, 4.845983
1747.405, 4.845983
1764.706, 4.838276
1782.007, 4.845983
1799.308, 4.8344
1816.609, 4.838276
1833.91, 4.838276
1851.211, 4.830509
1868.512, 4.849815
1885.813, 4.849815
1903.114, 4.853632
1920.415, 4.853632
1937.716, 4.845983
1955.017, 4.861222
1972.318, 4.857434
1989.619, 4.861222
2006.92, 4.876231
2024.221, 4.857434
2041.522, 4.868755
2058.824, 4.868755
2076.125, 4.864995
2093.426, 4.849815
2110.727, 4.8725
2128.028, 4.876231
2145.329, 4.868755
2162.63, 4.879949
2179.931, 4.879949
2197.232, 4.887343
2214.533, 4.883653
2231.834, 4.891019
2249.135, 4.891019
2266.436, 4.894682
2283.737, 4.898332
2301.038, 4.905591
2318.339, 4.909201
2335.64, 4.905591
2352.941, 4.901968
2370.242, 4.912799
2387.543, 4.901968
2404.844, 4.909201
2422.145, 4.898332
2439.446, 4.912799
2456.747, 4.909201
2474.048, 4.916383
2491.349, 4.916383
2508.651, 4.916383
2525.952, 4.919954
2543.253, 4.919954
2560.554, 4.923513
2577.855, 4.923513
2595.156, 4.916383
2612.457, 4.934114
2629.758, 4.934114
2647.059, 4.934114
2664.36, 4.937622
2681.661, 4.948076
2698.962, 4.948076
2716.263, 4.948076
2733.564, 4.961845
2750.865, 4.951536
2768.166, 4.95842
2785.467, 4.937622
2802.768, 4.95842
2820.069, 4.95842
2837.37, 4.95842
2854.671, 4.968659
2871.972, 4.975428
2889.273, 4.972049
2906.574, 4.978795
2923.875, 4.98215
2941.176, 4.978795
2958.478, 4.988828
2975.779, 4.98215
2993.08, 4.98215
3010.381, 4.988828
3027.682, 4.99215
3044.983, 4.988828
3062.284, 4.995462
3079.585, 4.99215
3096.886, 4.995462
3114.187, 5.002052
3131.488, 4.998762
3148.789, 5.008598
3166.09, 5.015102
3183.391, 5.015102
3200.692, 5.011856
3217.993, 5.015102
3235.294, 5.015102
3252.595, 5.018339
3269.896, 5.018339
3287.197, 5.011856
3304.498, 5.027985
3321.799, 5.02478
3339.1, 5.03118
3356.401, 5.034365
3373.702, 5.040704
3391.003, 5.037539
3408.304, 5.037539
3425.606, 5.040704
3442.907, 5.047003
3460.208, 5.047003
3477.509, 5.047003
3494.81, 5.053263
3512.111, 5.053263
3529.412, 5.053263
3546.713, 5.053263
3564.014, 5.059484
3581.315, 5.06258
3598.616, 5.065666
3615.917, 5.068743
3633.218, 5.074869
3650.519, 5.077917
3667.82, 5.077917
3685.121, 5.09002
3702.422, 5.083987
3719.723, 5.087008
3737.024, 5.093023
3754.325, 5.093023
3771.626, 5.099002
3788.927, 5.104946
3806.228, 5.107905
3823.529, 5.107905
3840.83, 5.113796
3858.131, 5.119652
3875.433, 5.125475
3892.734, 5.125475
3910.035, 5.131263
3927.336, 5.139884
3944.637, 5.139884
3961.938, 5.142741
3979.239, 5.148431
3996.54, 5.139884
4013.841, 5.156906
4031.142, 5.156906
4048.443, 5.159715
4065.744, 5.162516
4083.045, 5.159715
4100.346, 5.168095
4117.647, 5.165309
4134.948, 5.165309
4152.249, 5.181907
4169.55, 5.173643
4186.851, 5.173643
4204.152, 5.181907
4221.453, 5.181907
4238.754, 5.187379
4256.055, 5.190104
4273.356, 5.187379
4290.657, 5.198234
4307.958, 5.203617
4325.26, 5.203617
4342.561, 5.206298
4359.862, 5.211639
4377.163, 5.214298
4394.464, 5.216951
4411.765, 5.222235
4429.066, 5.211639
4446.367, 5.227491
4463.668, 5.230109
4480.969, 5.219597
4498.27, 5.23272
4515.571, 5.245674
4532.872, 5.250808
4550.173, 5.250808
4567.474, 5.255917
4584.775, 5.263531
4602.076, 5.268575
4619.377, 5.268575
4636.678, 5.273594
4653.979, 5.286032
4671.28, 5.286032
4688.581, 5.290964
4705.882, 5.295872
4723.183, 5.298317
4740.484, 5.305617
4757.785, 5.310453
4775.087, 5.315267
4792.388, 5.324825
4809.689, 5.320057
4826.99, 5.32957
4844.291, 5.336645
4861.592, 5.343671
4878.893, 5.346002
4896.194, 5.350648
4913.495, 5.352963
4930.796, 5.362169
4948.097, 5.362169
4965.398, 5.362169
4982.699, 5.36674
0, 5.697998
17.301, 5.697476
34.602, 5.698519
51.903, 5.698519
69.204, 5.700082
86.505, 5.700082
103.806, 5.700082
121.107, 5.70268
138.408, 5.701122
155.709, 5.700602
173.01, 5.70268
190.311, 5.70268
207.612, 5.70268
224.913, 5.70268
242.215, 5.70268
259.516, 5.703718
276.817, 5.70268
294.118, 5.703199
311.419, 5.704754
328.72, 5.704236
346.021, 5.704754
363.322, 5.705272
380.623, 5.705272
397.924, 5.705789
415.225, 5.708373
432.526, 5.705272
449.827, 5.706824
467.128, 5.704754
484.429, 5.705789
501.73, 5.705789
519.031, 5.706824
536.332, 5.705789
553.633, 5.706824
570.934, 5.706824
588.235, 5.706824
605.536, 5.707857
622.837, 5.706824
640.138, 5.705272
657.439, 5.704754
674.74, 5.704754
692.042, 5.706824
709.343, 5.704236
726.644, 5.704236
743.945, 5.704236
761.246, 5.704236
778.547, 5.704754
795.848, 5.70268
813.149, 5.706824
830.45, 5.706307
847.751, 5.70734
865.052, 5.70734
882.353, 5.708373
899.654, 5.707857
916.955, 5.709405
934.256, 5.71095
951.557, 5.70992
968.858, 5.711465
986.159, 5.708889
1003.46, 5.712493
1020.761, 5.711979
1038.062, 5.71506
1055.363, 5.71506
1072.664, 5.713521
1089.965, 5.714547
1107.266, 5.714034
1124.567, 5.715572
1141.869, 5.716085
1159.17, 5.716596
1176.471, 5.718131
1193.772, 5.719152
1211.073, 5.71506
1228.374, 5.719663
1245.675, 5.720173
1262.976, 5.722211
1280.277, 5.721193
1297.578, 5.720683
1314.879, 5.72272
1332.18, 5.723229
1349.481, 5.72272
1366.782, 5.724245
1384.083, 5.724753
1401.384, 5.723737
1418.685, 5.725768
1435.986, 5.727288
1453.287, 5.726275
1470.588, 5.726781
1487.889, 5.727288
1505.19, 5.727288
1522.491, 5.727794
1539.792, 5.72526
1557.093, 5.727794
1574.394, 5.727794
1591.696, 5.727794
1608.997, 5.727794
1626.298, 5.728806
1643.599, 5.727794
1660.9, 5.7283
1678.201, 5.727288
1695.502, 5.727794
1712.803, 5.7283
1730.104, 5.7283
1747.405, 5.727288
1764.706, 5.726781
1782.007, 5.727794
1799.308, 5.727288
1816.609, 5.727288
1833.91, 5.727794
1851.211, 5.727288
1868.512, 5.726781
1885.813, 5.727288
1903.114, 5.727288
1920.415, 5.727288
1937.716, 5.7283
1955.017, 5.726275
1972.318, 5.727288
1989.619, 5.723229
2006.92, 5.727794
2024.221, 5.727794
2041.522, 5.727288
2058.824, 5.726275
2076.125, 5.726275
2093.426, 5.727288
2110.727, 5.726781
2128.028, 5.727288
2145.329, 5.727288
2162.63, 5.727794
2179.931, 5.727794
2197.232, 5.726781
2214.533, 5.727794
2231.834, 5.72526
2249.135, 5.727288
2266.436, 5.727794
2283.737, 5.726781
2301.038, 5.728806
2318.339, 5.727794
2335.64, 5.726275
2352.941, 5.7283
2370.242, 5.7283
2387.543, 5.727794
2404.844, 5.727794
2422.145, 5.727794
2439.446, 5.726781
2456.747, 5.727794
2474.048, 5.727288
2491.349, 5.727288
2508.651, 5.726275
2525.952, 5.727288
2543.253, 5.727794
2560.554, 5.727288
2577.855, 5.725768
2595.156, 5.727288
2612.457, 5.72526
2629.758, 5.727288
2647.059, 5.726275
2664.36, 5.7283
2681.661, 5.726781
2698.962, 5.7283
2716.263, 5.727794
2733.564, 5.728806
2750.865, 5.728806
2768.166, 5.728806
2785.467, 5.731331
2802.768, 5.729817
2820.069, 5.729817
2837.37, 5.730827
2854.671, 5.730827
2871.972, 5.731331
2889.273, 5.730827
2906.574, 5.730322
2923.875, 5.731331
2941.176, 5.731835
2958.478, 5.731835
2975.779, 5.731835
2993.08, 5.731835
3010.381, 5.731331
3027.682, 5.731331
3044.983, 5.728806
3062.284, 5.731835
3079.585, 5.731835
3096.886, 5.728806
3114.187, 5.732843
3131.488, 5.731835
3148.789, 5.732339
3166.09, 5.731835
3183.391, 5.732843
3200.692, 5.731331
3217.993, 5.732843
3235.294, 5.732339
3252.595, 5.731835
3269.896, 5.733347
3287.197, 5.733347
3304.498, 5.733347
3321.799, 5.733347
3339.1, 5.732843
3356.401, 5.73385
3373.702, 5.73385
3391.003, 5.733347
3408.304, 5.73385
3425.606, 5.735358
3442.907, 5.735358
3460.208, 5.735358
3477.509, 5.73385
3494.81, 5.735358
3512.111, 5.734353
3529.412, 5.735358
3546.713, 5.735358
3564.014, 5.734353
3581.315, 5.733347
3598.616, 5.735358
3615.917, 5.734855
3633.218, 5.734855
3650.519, 5.736362
3667.82, 5.73385
3685.121, 5.736864
3702.422, 5.737365
3719.723, 5.737866
3737.024, 5.737866
3754.325, 5.738367
3771.626, 5.737866
3788.927, 5.739869
3806.228, 5.736362
3823.529, 5.740369
3840.83, 5.740369
3858.131, 5.741867
3875.433, 5.740868
3892.734, 5.741867
3910.035, 5.741368
3927.336, 5.743363
3944.637, 5.743363
3961.938, 5.743861
3979.239, 5.743363
3996.54, 5.744359
4013.841, 5.744359
4031.142, 5.744857
4048.443, 5.744857
4065.744, 5.747342
4083.045, 5.745355
4100.346, 5.744857
4117.647, 5.745355
4134.948, 5.746349
4152.249, 5.744857
4169.55, 5.744857
4186.851, 5.745852
4204.152, 5.745852
4221.453, 5.742366
4238.754, 5.746349
4256.055, 5.747342
4273.356, 5.747342
4290.657, 5.746349
4307.958, 5.747342
4325.26, 5.746349
4342.561, 5.747342
4359.862, 5.745852
4377.163, 5.747838
4394.464, 5.747838
4411.765, 5.744857
4429.066, 5.74883
4446.367, 5.747342
4463.668, 5.747838
4480.969, 5.749821
4498.27, 5.743861
4515.571, 5.749821
4532.872, 5.751305
4550.173, 5.751305
4567.474, 5.75081
4584.775, 5.751799
4602.076, 5.752787
4619.377, 5.753774
4636.678, 5.753281
4653.979, 5.755252
4671.28, 5.75476
4688.581, 5.755252
4705.882, 5.754267
4723.183, 5.756237
4740.484, 5.755745
4757.785, 5.75722
4775.087, 5.758203
4792.388, 5.757711
4809.689, 5.759184
4826.99, 5.760655
4844.291, 5.760165
4861.592, 5.761634
4878.893, 5.760655
4896.194, 5.762123
4913.495, 5.7631
4930.796, 5.7631
4948.097, 5.7631
4965.398, 5.7631
4982.699, 5.761634
"EOF"
