"DATA MONITOR"
"NORMAL DATA"
867
3
289,578,867,0,0,0,0
"Volume"
"cm^3"
"Time"
"ms"
:R"Time" "Volume"~Volume~cm^3~press„o~kPa~Temperature~K~
0.000, 230.57281
17.301, 230.57281
34.602, 230.11423
51.903, 229.50279
69.204, 229.65565
86.505, 229.19707
103.806, 228.89135
121.107, 228.27990
138.408, 228.12704
155.709, 227.66846
173.010, 227.51560
190.311, 227.05702
207.612, 226.75130
224.913, 226.59844
242.215, 226.29272
259.516, 225.98700
276.817, 225.68127
294.118, 225.37555
311.419, 225.22269
328.720, 224.91697
346.021, 224.91697
363.322, 224.91697
380.623, 224.45839
397.924, 223.99981
415.225, 224.91697
432.526, 223.69409
449.827, 223.54123
467.128, 223.38837
484.429, 223.38837
501.730, 222.47120
519.031, 222.62406
536.332, 222.77692
553.633, 222.47120
570.934, 222.77692
588.235, 222.62406
605.536, 222.47120
622.837, 222.62406
640.138, 222.47120
657.439, 222.77692
674.740, 222.92979
692.042, 222.47120
709.343, 222.77692
726.644, 222.77692
743.945, 222.77692
761.246, 222.92979
778.547, 222.16548
795.848, 221.70690
813.149, 221.09546
830.450, 220.48402
847.751, 220.33116
865.052, 219.87257
882.353, 219.26113
899.654, 218.80255
916.955, 218.19111
934.256, 217.73253
951.557, 217.57967
968.858, 216.50964
986.159, 216.35678
1003.460, 215.59248
1020.761, 215.13390
1038.062, 214.82818
1055.363, 214.21673
1072.664, 213.60529
1089.965, 213.29957
1107.266, 212.99385
1124.567, 212.22955
1141.869, 211.46524
1159.170, 211.15952
1176.471, 210.70094
1193.772, 209.78378
1211.073, 209.32520
1228.374, 208.71376
1245.675, 208.25517
1262.976, 207.64373
1280.277, 206.87943
1297.578, 206.57371
1314.879, 205.96227
1332.180, 205.35082
1349.481, 204.73938
1366.782, 204.43366
1384.083, 203.82222
1401.384, 203.51650
1418.685, 203.05792
1435.986, 202.44647
1453.287, 202.29361
1470.588, 201.52931
1487.889, 201.68217
1505.190, 201.07073
1522.491, 200.45929
1539.792, 200.00070
1557.093, 199.69498
1574.394, 199.38926
1591.696, 199.23640
1608.997, 198.62496
1626.298, 198.31924
1643.599, 197.86066
1660.900, 197.40208
1678.201, 197.24922
1695.502, 196.94349
1712.803, 196.94349
1730.104, 196.63777
1747.405, 196.48491
1764.706, 196.17919
1782.007, 196.02633
1799.308, 195.87347
1816.609, 195.56775
1833.910, 195.26203
1851.211, 194.80345
1868.512, 194.65059
1885.813, 194.34486
1903.114, 194.03914
1920.415, 193.58056
1937.716, 193.12198
1955.017, 192.66340
1972.318, 192.66340
1989.619, 191.59338
2006.920, 191.59338
2024.221, 191.44051
2041.522, 191.28765
2058.824, 191.28765
2076.125, 190.82907
2093.426, 190.52335
2110.727, 189.91191
2128.028, 189.60619
2145.329, 188.99475
2162.630, 188.99475
2179.931, 188.84189
2197.232, 188.23044
2214.533, 187.92472
2231.834, 187.31328
2249.135, 187.16042
2266.436, 186.85470
2283.737, 186.39612
2301.038, 186.09040
2318.339, 185.78467
2335.640, 185.17323
2352.941, 184.86751
2370.242, 184.56179
2387.543, 183.95035
2404.844, 183.95035
2422.145, 183.64463
2439.446, 183.33891
2456.747, 182.72746
2474.048, 182.57460
2491.349, 182.57460
2508.651, 182.26888
2525.952, 182.11602
2543.253, 181.65744
2560.554, 181.50458
2577.855, 181.19886
2595.156, 180.74028
2612.457, 180.28170
2629.758, 179.97597
2647.059, 179.51739
2664.360, 179.21167
2681.661, 178.75309
2698.962, 178.44737
2716.263, 177.83593
2733.564, 176.30732
2750.865, 176.76590
2768.166, 176.61304
2785.467, 175.84874
2802.768, 175.39016
2820.069, 174.77872
2837.370, 174.47300
2854.671, 174.16727
2871.972, 173.70869
2889.273, 173.25011
2906.574, 172.94439
2923.875, 172.63867
2941.176, 171.11006
2958.478, 171.87437
2975.779, 171.56864
2993.080, 171.26292
3010.381, 171.11006
3027.682, 170.34576
3044.983, 170.49862
3062.284, 170.19290
3079.585, 169.88718
3096.886, 169.42860
3114.187, 168.81716
3131.488, 168.35857
3148.789, 168.35857
3166.090, 168.20571
3183.391, 167.89999
3200.692, 167.59427
3217.993, 166.98283
3235.294, 166.37139
3252.595, 166.37139
3269.896, 166.06567
3287.197, 165.60708
3304.498, 165.45422
3321.799, 164.53706
3339.100, 164.53706
3356.401, 164.38420
3373.702, 164.23134
3391.003, 163.31418
3408.304, 162.85559
3425.606, 162.54987
3442.907, 162.54987
3460.208, 162.09129
3477.509, 161.47985
3494.810, 161.47985
3512.111, 160.86841
3529.412, 160.86841
3546.713, 160.10410
3564.014, 159.79838
3581.315, 159.64552
3598.616, 159.18694
3615.917, 158.57550
3633.218, 158.72836
3650.519, 157.96406
3667.820, 157.50548
3685.121, 157.19975
3702.422, 156.43545
3719.723, 156.28259
3737.024, 155.67115
3754.325, 155.05971
3771.626, 154.44826
3788.927, 154.29540
3806.228, 154.14254
3823.529, 153.83682
3840.830, 153.07252
3858.131, 152.15536
3875.433, 151.84964
3892.734, 151.39105
3910.035, 150.77961
3927.336, 150.47389
3944.637, 150.01531
3961.938, 149.55673
3979.239, 149.25101
3996.540, 148.79243
4013.841, 148.33384
4031.142, 147.87526
4048.443, 146.80524
4065.744, 146.95810
4083.045, 146.80524
4100.346, 146.34666
4117.647, 146.04094
4134.948, 145.58235
4152.249, 145.12377
4169.550, 144.51233
4186.851, 143.28945
4204.152, 144.05375
4221.453, 143.74803
4238.754, 142.98372
4256.055, 142.67800
4273.356, 142.37228
4290.657, 141.76084
4307.958, 141.60798
4325.260, 140.69082
4342.561, 140.69082
4359.862, 140.23223
4377.163, 139.62079
4394.464, 138.85649
4411.765, 138.85649
4429.066, 138.24505
4446.367, 137.63361
4463.668, 137.63361
4480.969, 137.17502
4498.270, 136.86930
4515.571, 137.48075
4532.872, 135.34070
4550.173, 135.18784
4567.474, 134.72926
4584.775, 133.96495
4602.076, 133.20065
4619.377, 132.58921
4636.678, 131.97777
4653.979, 131.67204
4671.280, 131.06060
4688.581, 130.29630
4705.882, 129.83772
4723.183, 129.37914
4740.484, 128.76769
4757.785, 128.00339
4775.087, 127.54481
4792.388, 126.78051
4809.689, 126.16907
4826.990, 125.25190
4844.291, 124.79332
4861.592, 124.02902
4878.893, 123.11185
4896.194, 122.95899
4913.495, 122.65327
4930.796, 121.88897
4948.097, 121.58325
4965.398, 121.27753
4982.699, 120.81895
0.000, 103.29670
17.301, 104.76190
34.602, 103.78510
51.903, 104.27350
69.204, 104.76190
86.505, 104.76190
103.806, 104.27350
121.107, 105.73871
138.408, 105.73871
155.709, 105.73871
173.010, 107.20391
190.311, 105.73871
207.612, 106.22711
224.913, 105.73871
242.215, 107.69231
259.516, 106.71551
276.817, 107.20391
294.118, 107.69231
311.419, 106.71551
328.720, 107.69231
346.021, 107.69231
363.322, 107.20391
380.623, 107.69231
397.924, 107.69231
415.225, 108.18071
432.526, 108.66911
449.827, 107.69231
467.128, 107.20391
484.429, 108.18071
501.730, 108.18071
519.031, 108.66911
536.332, 107.69231
553.633, 108.66911
570.934, 108.18071
588.235, 108.18071
605.536, 108.18071
622.837, 108.18071
640.138, 107.20391
657.439, 107.69231
674.740, 108.18071
692.042, 107.69231
709.343, 108.66911
726.644, 107.69231
743.945, 107.69231
761.246, 108.18071
778.547, 107.69231
795.848, 107.20391
813.149, 109.64591
830.450, 109.64591
847.751, 107.69231
865.052, 111.59951
882.353, 110.13431
899.654, 110.13431
916.955, 113.55311
934.256, 111.59951
951.557, 112.08791
968.858, 111.59951
986.159, 112.08791
1003.460, 113.06471
1020.761, 112.57631
1038.062, 114.04151
1055.363, 113.55311
1072.664, 114.04151
1089.965, 114.52991
1107.266, 114.04151
1124.567, 115.01832
1141.869, 115.50672
1159.170, 115.99512
1176.471, 116.48352
1193.772, 116.97192
1211.073, 116.97192
1228.374, 119.41392
1245.675, 117.46032
1262.976, 119.41392
1280.277, 119.41392
1297.578, 119.41392
1314.879, 119.41392
1332.180, 120.39072
1349.481, 120.87912
1366.782, 120.87912
1384.083, 120.39072
1401.384, 120.87912
1418.685, 121.36752
1435.986, 121.36752
1453.287, 122.34432
1470.588, 121.36752
1487.889, 119.90232
1505.190, 122.34432
1522.491, 123.32112
1539.792, 124.29792
1557.093, 123.80952
1574.394, 123.80952
1591.696, 120.87912
1608.997, 124.29792
1626.298, 125.27473
1643.599, 124.78632
1660.900, 124.29792
1678.201, 124.29792
1695.502, 125.76313
1712.803, 125.27473
1730.104, 127.22833
1747.405, 127.22833
1764.706, 126.25153
1782.007, 127.22833
1799.308, 125.76313
1816.609, 126.25153
1833.910, 126.25153
1851.211, 125.27473
1868.512, 127.71673
1885.813, 127.71673
1903.114, 128.20513
1920.415, 128.20513
1937.716, 127.22833
1955.017, 129.18193
1972.318, 128.69353
1989.619, 129.18193
2006.920, 131.13553
2024.221, 128.69353
2041.522, 130.15873
2058.824, 130.15873
2076.125, 129.67033
2093.426, 127.71673
2110.727, 130.64713
2128.028, 131.13553
2145.329, 130.15873
2162.630, 131.62393
2179.931, 131.62393
2197.232, 132.60073
2214.533, 132.11233
2231.834, 133.08913
2249.135, 133.08913
2266.436, 133.57753
2283.737, 134.06593
2301.038, 135.04274
2318.339, 135.53114
2335.640, 135.04274
2352.941, 134.55433
2370.242, 136.01954
2387.543, 134.55433
2404.844, 135.53114
2422.145, 134.06593
2439.446, 136.01954
2456.747, 135.53114
2474.048, 136.50794
2491.349, 136.50794
2508.651, 136.50794
2525.952, 136.99634
2543.253, 136.99634
2560.554, 137.48474
2577.855, 137.48474
2595.156, 136.50794
2612.457, 138.94994
2629.758, 138.94994
2647.059, 138.94994
2664.360, 139.43834
2681.661, 140.90354
2698.962, 140.90354
2716.263, 140.90354
2733.564, 142.85714
2750.865, 141.39194
2768.166, 142.36874
2785.467, 139.43834
2802.768, 142.36874
2820.069, 142.36874
2837.370, 142.36874
2854.671, 143.83394
2871.972, 144.81074
2889.273, 144.32234
2906.574, 145.29915
2923.875, 145.78755
2941.176, 145.29915
2958.478, 146.76435
2975.779, 145.78755
2993.080, 145.78755
3010.381, 146.76435
3027.682, 147.25275
3044.983, 146.76435
3062.284, 147.74115
3079.585, 147.25275
3096.886, 147.74115
3114.187, 148.71795
3131.488, 148.22955
3148.789, 149.69475
3166.090, 150.67155
3183.391, 150.67155
3200.692, 150.18315
3217.993, 150.67155
3235.294, 150.67155
3252.595, 151.15995
3269.896, 151.15995
3287.197, 150.18315
3304.498, 152.62515
3321.799, 152.13675
3339.100, 153.11355
3356.401, 153.60195
3373.702, 154.57875
3391.003, 154.09035
3408.304, 154.09035
3425.606, 154.57875
3442.907, 155.55556
3460.208, 155.55556
3477.509, 155.55556
3494.810, 156.53236
3512.111, 156.53236
3529.412, 156.53236
3546.713, 156.53236
3564.014, 157.50916
3581.315, 157.99756
3598.616, 158.48596
3615.917, 158.97436
3633.218, 159.95116
3650.519, 160.43956
3667.820, 160.43956
3685.121, 162.39316
3702.422, 161.41636
3719.723, 161.90476
3737.024, 162.88156
3754.325, 162.88156
3771.626, 163.85836
3788.927, 164.83516
3806.228, 165.32357
3823.529, 165.32357
3840.830, 166.30037
3858.131, 167.27717
3875.433, 168.25397
3892.734, 168.25397
3910.035, 169.23077
3927.336, 170.69597
3944.637, 170.69597
3961.938, 171.18437
3979.239, 172.16117
3996.540, 170.69597
4013.841, 173.62637
4031.142, 173.62637
4048.443, 174.11477
4065.744, 174.60317
4083.045, 174.11477
4100.346, 175.57998
4117.647, 175.09158
4134.948, 175.09158
4152.249, 178.02198
4169.550, 176.55678
4186.851, 176.55678
4204.152, 178.02198
4221.453, 178.02198
4238.754, 178.99878
4256.055, 179.48718
4273.356, 178.99878
4290.657, 180.95238
4307.958, 181.92918
4325.260, 181.92918
4342.561, 182.41758
4359.862, 183.39438
4377.163, 183.88278
4394.464, 184.37118
4411.765, 185.34799
4429.066, 183.39438
4446.367, 186.32479
4463.668, 186.81319
4480.969, 184.85958
4498.270, 187.30159
4515.571, 189.74359
4532.872, 190.72039
4550.173, 190.72039
4567.474, 191.69719
4584.775, 193.16239
4602.076, 194.13919
4619.377, 194.13919
4636.678, 195.11600
4653.979, 197.55800
4671.280, 197.55800
4688.581, 198.53480
4705.882, 199.51160
4723.183, 200.00000
4740.484, 201.46520
4757.785, 202.44200
4775.087, 203.41880
4792.388, 205.37241
4809.689, 204.39560
4826.990, 206.34921
4844.291, 207.81441
4861.592, 209.27961
4878.893, 209.76801
4896.194, 210.74481
4913.495, 211.23321
4930.796, 213.18681
4948.097, 213.18681
4965.398, 213.18681
4982.699, 214.16361
0.000, 298.26965
17.301, 298.11411
34.602, 298.42518
51.903, 298.42518
69.204, 298.89179
86.505, 298.89179
103.806, 298.89179
121.107, 299.66947
138.408, 299.20286
155.709, 299.04733
173.010, 299.66947
190.311, 299.66947
207.612, 299.66947
224.913, 299.66947
242.215, 299.66947
259.516, 299.98054
276.817, 299.66947
294.118, 299.82501
311.419, 300.29162
328.720, 300.13608
346.021, 300.29162
363.322, 300.44715
380.623, 300.44715
397.924, 300.60269
415.225, 301.38037
432.526, 300.44715
449.827, 300.91376
467.128, 300.29162
484.429, 300.60269
501.730, 300.60269
519.031, 300.91376
536.332, 300.60269
553.633, 300.91376
570.934, 300.91376
588.235, 300.91376
605.536, 301.22483
622.837, 300.91376
640.138, 300.44715
657.439, 300.29162
674.740, 300.29162
692.042, 300.91376
709.343, 300.13608
726.644, 300.13608
743.945, 300.13608
761.246, 300.13608
778.547, 300.29162
795.848, 299.66947
813.149, 300.91376
830.450, 300.75822
847.751, 301.06930
865.052, 301.06930
882.353, 301.38037
899.654, 301.22483
916.955, 301.69144
934.256, 302.15805
951.557, 301.84698
968.858, 302.31358
986.159, 301.53590
1003.460, 302.62466
1020.761, 302.46912
1038.062, 303.40234
1055.363, 303.40234
1072.664, 302.93573
1089.965, 303.24680
1107.266, 303.09126
1124.567, 303.55787
1141.869, 303.71341
1159.170, 303.86894
1176.471, 304.33555
1193.772, 304.64662
1211.073, 303.40234
1228.374, 304.80216
1245.675, 304.95770
1262.976, 305.57984
1280.277, 305.26877
1297.578, 305.11323
1314.879, 305.73538
1332.180, 305.89091
1349.481, 305.73538
1366.782, 306.20198
1384.083, 306.35752
1401.384, 306.04645
1418.685, 306.66859
1435.986, 307.13520
1453.287, 306.82413
1470.588, 306.97966
1487.889, 307.13520
1505.190, 307.13520
1522.491, 307.29074
1539.792, 306.51306
1557.093, 307.29074
1574.394, 307.29074
1591.696, 307.29074
1608.997, 307.29074
1626.298, 307.60181
1643.599, 307.29074
1660.900, 307.44627
1678.201, 307.13520
1695.502, 307.29074
1712.803, 307.44627
1730.104, 307.44627
1747.405, 307.13520
1764.706, 306.97966
1782.007, 307.29074
1799.308, 307.13520
1816.609, 307.13520
1833.910, 307.29074
1851.211, 307.13520
1868.512, 306.97966
1885.813, 307.13520
1903.114, 307.13520
1920.415, 307.13520
1937.716, 307.44627
1955.017, 306.82413
1972.318, 307.13520
1989.619, 305.89091
2006.920, 307.29074
2024.221, 307.29074
2041.522, 307.13520
2058.824, 306.82413
2076.125, 306.82413
2093.426, 307.13520
2110.727, 306.97966
2128.028, 307.13520
2145.329, 307.13520
2162.630, 307.29074
2179.931, 307.29074
2197.232, 306.97966
2214.533, 307.29074
2231.834, 306.51306
2249.135, 307.13520
2266.436, 307.29074
2283.737, 306.97966
2301.038, 307.60181
2318.339, 307.29074
2335.640, 306.82413
2352.941, 307.44627
2370.242, 307.44627
2387.543, 307.29074
2404.844, 307.29074
2422.145, 307.29074
2439.446, 306.97966
2456.747, 307.29074
2474.048, 307.13520
2491.349, 307.13520
2508.651, 306.82413
2525.952, 307.13520
2543.253, 307.29074
2560.554, 307.13520
2577.855, 306.66859
2595.156, 307.13520
2612.457, 306.51306
2629.758, 307.13520
2647.059, 306.82413
2664.360, 307.44627
2681.661, 306.97966
2698.962, 307.44627
2716.263, 307.29074
2733.564, 307.60181
2750.865, 307.60181
2768.166, 307.60181
2785.467, 308.37949
2802.768, 307.91288
2820.069, 307.91288
2837.370, 308.22395
2854.671, 308.22395
2871.972, 308.37949
2889.273, 308.22395
2906.574, 308.06842
2923.875, 308.37949
2941.176, 308.53502
2958.478, 308.53502
2975.779, 308.53502
2993.080, 308.53502
3010.381, 308.37949
3027.682, 308.37949
3044.983, 307.60181
3062.284, 308.53502
3079.585, 308.53502
3096.886, 307.60181
3114.187, 308.84610
3131.488, 308.53502
3148.789, 308.69056
3166.090, 308.53502
3183.391, 308.84610
3200.692, 308.37949
3217.993, 308.84610
3235.294, 308.69056
3252.595, 308.53502
3269.896, 309.00163
3287.197, 309.00163
3304.498, 309.00163
3321.799, 309.00163
3339.100, 308.84610
3356.401, 309.15717
3373.702, 309.15717
3391.003, 309.00163
3408.304, 309.15717
3425.606, 309.62378
3442.907, 309.62378
3460.208, 309.62378
3477.509, 309.15717
3494.810, 309.62378
3512.111, 309.31270
3529.412, 309.62378
3546.713, 309.62378
3564.014, 309.31270
3581.315, 309.00163
3598.616, 309.62378
3615.917, 309.46824
3633.218, 309.46824
3650.519, 309.93485
3667.820, 309.15717
3685.121, 310.09038
3702.422, 310.24592
3719.723, 310.40146
3737.024, 310.40146
3754.325, 310.55699
3771.626, 310.40146
3788.927, 311.02360
3806.228, 309.93485
3823.529, 311.17914
3840.830, 311.17914
3858.131, 311.64574
3875.433, 311.33467
3892.734, 311.64574
3910.035, 311.49021
3927.336, 312.11235
3944.637, 312.11235
3961.938, 312.26789
3979.239, 312.11235
3996.540, 312.42342
4013.841, 312.42342
4031.142, 312.57896
4048.443, 312.57896
4065.744, 313.35664
4083.045, 312.73450
4100.346, 312.57896
4117.647, 312.73450
4134.948, 313.04557
4152.249, 312.57896
4169.550, 312.57896
4186.851, 312.89003
4204.152, 312.89003
4221.453, 311.80128
4238.754, 313.04557
4256.055, 313.35664
4273.356, 313.35664
4290.657, 313.04557
4307.958, 313.35664
4325.260, 313.04557
4342.561, 313.35664
4359.862, 312.89003
4377.163, 313.51218
4394.464, 313.51218
4411.765, 312.57896
4429.066, 313.82325
4446.367, 313.35664
4463.668, 313.51218
4480.969, 314.13432
4498.270, 312.26789
4515.571, 314.13432
4532.872, 314.60093
4550.173, 314.60093
4567.474, 314.44539
4584.775, 314.75647
4602.076, 315.06754
4619.377, 315.37861
4636.678, 315.22307
4653.979, 315.84522
4671.280, 315.68968
4688.581, 315.84522
4705.882, 315.53415
4723.183, 316.15629
4740.484, 316.00075
4757.785, 316.46736
4775.087, 316.77843
4792.388, 316.62290
4809.689, 317.08951
4826.990, 317.55611
4844.291, 317.40058
4861.592, 317.86719
4878.893, 317.55611
4896.194, 318.02272
4913.495, 318.33379
4930.796, 318.33379
4948.097, 318.33379
4965.398, 318.33379
4982.699, 317.86719
"EOF"
