"DATA MONITOR"
"NORMAL DATA"
867
3
289,578,867,0,0,0,0
"Volume"
"cm^3"
"Time"
"ms"
:R"Time" "Volume"~Volume~cm^3~press„o~kPa~Temperature~K~
0, 5.437906
0.346, 5.437241
0.692, 5.43591
1.038, 5.435244
1.384, 5.43391
1.73, 5.431906
2.076, 5.430567
2.422, 5.426542
2.768, 5.430567
3.114, 5.427885
3.46, 5.427885
3.806, 5.425869
4.152, 5.423849
4.498, 5.423174
4.844, 5.422499
5.19, 5.421824
5.536, 5.419119
5.882, 5.418441
6.228, 5.416406
6.574, 5.417084
6.92, 5.414366
7.266, 5.413685
7.612, 5.413004
7.958, 5.412322
8.304, 5.410274
8.651, 5.406166
8.997, 5.407537
9.343, 5.404793
9.689, 5.404105
10.035, 5.401351
10.381, 5.400661
10.727, 5.399281
11.073, 5.397206
11.419, 5.397898
11.765, 5.393738
12.111, 5.393043
12.457, 5.391652
12.803, 5.388165
13.149, 5.388863
13.495, 5.386766
13.841, 5.383262
14.187, 5.383964
14.533, 5.381154
14.879, 5.379041
15.225, 5.37763
15.571, 5.37551
15.917, 5.374094
16.263, 5.369833
16.609, 5.369833
16.955, 5.368409
17.301, 5.366269
17.647, 5.363409
17.993, 5.361976
18.339, 5.359822
18.685, 5.356222
19.031, 5.3555
19.377, 5.354056
19.723, 5.349709
20.069, 5.35116
20.415, 5.348983
20.761, 5.345343
21.107, 5.343884
21.453, 5.340959
21.799, 5.339493
22.145, 5.33729
22.491, 5.33287
22.837, 5.332131
23.183, 5.330652
23.529, 5.326202
23.875, 5.323225
24.221, 5.323225
24.567, 5.320238
24.913, 5.317993
25.26, 5.316493
25.606, 5.314991
25.952, 5.311225
26.298, 5.308959
26.644, 5.306688
26.99, 5.305171
27.336, 5.300606
27.682, 5.297551
28.028, 5.294487
28.374, 5.291413
28.72, 5.291413
29.066, 5.286012
29.412, 5.283688
29.758, 5.281358
30.104, 5.276683
30.45, 5.275902
30.796, 5.271986
31.142, 5.269629
31.488, 5.265689
31.834, 5.264899
32.18, 5.26094
32.526, 5.254572
32.872, 5.256168
33.218, 5.252974
33.564, 5.24977
33.91, 5.246555
34.256, 5.241714
34.602, 5.240905
34.948, 5.235223
35.294, 5.233593
35.64, 5.231144
35.986, 5.228689
36.332, 5.221287
36.678, 5.222112
37.024, 5.220461
37.37, 5.212998
37.716, 5.212165
38.062, 5.210497
38.408, 5.206316
38.754, 5.202118
39.1, 5.197902
39.446, 5.191969
39.792, 5.191118
40.138, 5.186001
40.484, 5.184289
40.83, 5.180856
41.176, 5.179136
41.522, 5.173956
41.869, 5.170488
42.215, 5.167008
42.561, 5.160889
42.907, 5.160889
43.253, 5.156494
43.599, 5.151196
43.945, 5.146759
44.291, 5.144979
44.637, 5.141408
44.983, 5.136928
45.329, 5.132427
45.675, 5.129716
46.021, 5.125183
46.367, 5.120629
46.713, 5.116054
47.059, 5.113299
47.405, 5.112378
47.751, 5.104987
48.097, 5.101271
48.443, 5.097541
48.789, 5.090039
49.135, 5.089098
49.481, 5.086267
49.827, 5.080582
50.173, 5.076774
50.519, 5.071993
50.865, 5.068152
51.211, 5.065262
51.557, 5.060426
51.903, 5.05654
52.249, 5.051661
52.595, 5.046759
52.941, 5.042819
53.287, 5.040844
53.633, 5.035888
53.979, 5.029908
54.325, 5.028908
54.671, 5.021879
55.017, 5.018851
55.363, 5.012769
55.709, 5.009713
56.055, 5.002548
56.401, 4.99843
56.747, 4.99843
57.093, 4.992221
57.439, 4.983882
57.785, 4.979687
58.131, 4.976529
58.478, 4.971242
58.824, 4.963795
59.17, 4.961657
59.516, 4.956291
59.862, 4.951978
60.208, 4.944385
60.554, 4.943295
60.9, 4.94002
61.246, 4.931232
61.592, 4.930128
61.938, 4.925701
62.284, 4.922367
62.63, 4.917905
62.976, 4.911173
63.322, 4.906661
63.668, 4.900991
64.014, 4.895289
64.36, 4.891852
64.706, 4.887251
65.052, 4.883787
65.398, 4.88031
65.744, 4.874488
66.09, 4.869807
66.436, 4.866281
66.782, 4.860377
67.128, 4.855629
67.474, 4.844862
67.82, 4.846064
68.166, 4.843658
68.512, 4.837618
68.858, 4.835192
69.204, 4.826655
69.55, 4.824202
69.896, 4.821743
70.242, 4.81433
70.588, 4.810603
70.934, 4.806862
71.28, 4.803106
71.626, 4.798077
71.972, 4.795553
72.318, 4.791755
72.664, 4.790486
73.01, 4.785393
73.356, 4.781556
73.702, 4.776417
74.048, 4.772546
74.394, 4.768659
74.74, 4.764757
75.087, 4.762148
75.433, 4.756908
75.779, 4.756908
76.125, 4.751641
76.471, 4.748996
76.817, 4.746345
77.163, 4.745017
77.509, 4.743687
77.855, 4.73567
78.201, 4.734327
78.547, 4.732983
78.893, 4.731637
79.239, 4.724879
79.585, 4.722163
79.931, 4.71944
80.277, 4.716709
80.623, 4.715341
80.969, 4.713971
81.315, 4.712599
81.661, 4.709849
82.007, 4.707092
82.353, 4.704327
82.699, 4.700166
83.045, 4.700166
83.391, 4.700166
83.737, 4.695987
84.083, 4.69459
84.429, 4.69459
84.775, 4.690388
85.121, 4.687576
85.467, 4.687576
85.813, 4.687576
86.159, 4.686168
86.505, 4.68193
86.851, 4.684757
87.197, 4.683344
87.543, 4.676251
87.889, 4.677674
88.235, 4.679094
88.581, 4.679094
88.927, 4.679094
89.273, 4.676251
89.619, 4.677674
89.965, 4.680513
90.311, 4.673399
90.657, 4.673399
91.003, 4.673399
91.349, 4.673399
91.696, 4.671971
92.042, 4.674826
92.388, 4.671971
92.734, 4.673399
93.08, 4.67054
93.426, 4.671971
93.772, 4.671971
94.118, 4.673399
94.464, 4.673399
94.81, 4.673399
95.156, 4.671971
95.502, 4.673399
95.848, 4.674826
96.194, 4.671971
96.54, 4.671971
96.886, 4.673399
97.232, 4.673399
97.578, 4.671971
97.924, 4.671971
98.27, 4.673399
98.616, 4.673399
98.962, 4.674826
99.308, 4.673399
99.654, 4.673399
0, 4.65169
0.346, 4.65169
0.692, 4.660971
1.038, 4.665579
1.384, 4.656341
1.73, 4.65169
2.076, 4.679278
2.422, 4.670167
2.768, 4.670167
3.114, 4.679278
3.46, 4.674733
3.806, 4.679278
4.152, 4.670167
4.498, 4.679278
4.844, 4.679278
5.19, 4.679278
5.536, 4.683803
5.882, 4.692792
6.228, 4.679278
6.574, 4.697256
6.92, 4.697256
7.266, 4.697256
7.612, 4.688308
7.958, 4.701701
8.304, 4.697256
8.651, 4.674733
8.997, 4.679278
9.343, 4.714917
9.689, 4.714917
10.035, 4.688308
10.381, 4.714917
10.727, 4.710531
11.073, 4.714917
11.419, 4.714917
11.765, 4.719283
12.111, 4.732271
12.457, 4.714917
12.803, 4.706125
13.149, 4.732271
13.495, 4.732271
13.841, 4.736563
14.187, 4.736563
14.533, 4.740836
14.879, 4.732271
15.225, 4.740836
15.571, 4.745091
15.917, 4.749329
16.263, 4.749329
16.609, 4.753548
16.955, 4.75775
17.301, 4.75775
17.647, 4.766101
17.993, 4.766101
18.339, 4.77025
18.685, 4.774382
19.031, 4.749329
19.377, 4.774382
19.723, 4.782596
20.069, 4.774382
20.415, 4.786677
20.761, 4.786677
21.107, 4.790742
21.453, 4.790742
21.799, 4.798823
22.145, 4.798823
22.491, 4.774382
22.837, 4.794791
23.183, 4.814792
23.529, 4.818744
23.875, 4.814792
24.221, 4.822681
24.567, 4.822681
24.913, 4.826603
25.26, 4.826603
25.606, 4.8344
25.952, 4.838276
26.298, 4.842137
26.644, 4.849815
26.99, 4.845983
27.336, 4.845983
27.682, 4.853632
28.028, 4.861222
28.374, 4.861222
28.72, 4.838276
29.066, 4.853632
29.412, 4.876231
29.758, 4.876231
30.104, 4.876231
30.45, 4.883653
30.796, 4.891019
31.142, 4.891019
31.488, 4.887343
31.834, 4.901968
32.18, 4.909201
32.526, 4.898332
32.872, 4.898332
33.218, 4.919954
33.564, 4.923513
33.91, 4.919954
34.256, 4.930593
34.602, 4.937622
34.948, 4.937622
35.294, 4.941119
35.64, 4.948076
35.986, 4.954984
36.332, 4.954984
36.678, 4.961845
37.024, 4.95842
37.37, 4.975428
37.716, 4.972049
38.062, 4.988828
38.408, 4.98215
38.754, 4.99215
39.1, 4.985495
39.446, 5.002052
39.792, 5.00533
40.138, 5.00533
40.484, 5.015102
40.83, 5.021564
41.176, 5.018339
41.522, 5.027985
41.869, 5.034365
42.215, 5.034365
42.561, 5.040704
42.907, 5.047003
43.253, 5.053263
43.599, 5.059484
43.945, 5.059484
44.291, 5.07181
44.637, 5.080957
44.983, 5.077917
45.329, 5.080957
45.675, 5.087008
46.021, 5.101979
46.367, 5.104946
46.713, 5.113796
47.059, 5.113796
47.405, 5.119652
47.751, 5.119652
48.097, 5.128373
48.443, 5.137019
48.789, 5.142741
49.135, 5.14559
49.481, 5.162516
49.827, 5.159715
50.173, 5.154089
50.519, 5.170872
50.865, 5.17916
51.211, 5.184647
51.557, 5.17916
51.903, 5.198234
52.249, 5.203617
52.595, 5.206298
52.941, 5.206298
53.287, 5.219597
53.633, 5.224867
53.979, 5.230109
54.325, 5.240512
54.671, 5.250808
55.017, 5.250808
55.363, 5.250808
55.709, 5.266056
56.055, 5.268575
56.401, 5.271088
56.747, 5.281076
57.093, 5.288501
57.439, 5.290964
57.785, 5.298317
58.131, 5.305617
58.478, 5.310453
58.824, 5.315267
59.17, 5.315267
59.516, 5.32957
59.862, 5.336645
60.208, 5.346002
60.554, 5.348328
60.9, 5.355272
61.246, 5.352963
61.592, 5.36674
61.938, 5.373559
62.284, 5.380331
62.63, 5.393739
62.976, 5.38482
63.322, 5.398168
63.668, 5.406969
64.014, 5.409157
64.36, 5.413519
64.706, 5.422187
65.052, 5.424342
65.398, 5.43078
65.744, 5.441418
66.09, 5.449848
66.436, 5.454037
66.782, 5.460287
67.128, 5.466498
67.474, 5.470617
67.82, 5.47472
68.166, 5.482875
68.512, 5.492976
68.858, 5.502976
69.204, 5.492976
69.55, 5.502976
69.896, 5.514846
70.242, 5.512877
70.588, 5.522681
70.934, 5.528518
71.28, 5.53432
71.626, 5.53432
71.972, 5.545826
72.318, 5.547731
72.664, 5.553423
73.01, 5.551529
73.356, 5.564712
73.702, 5.570309
74.048, 5.575875
74.394, 5.577724
74.74, 5.58141
75.087, 5.586915
75.433, 5.590568
75.779, 5.597834
76.125, 5.601447
76.471, 5.605048
76.817, 5.606843
77.163, 5.613992
77.509, 5.61221
77.855, 5.619321
78.201, 5.628139
78.547, 5.629894
78.893, 5.615772
79.239, 5.626382
79.585, 5.640356
79.931, 5.640356
80.277, 5.643819
80.623, 5.648991
80.969, 5.654137
81.315, 5.657553
81.661, 5.657553
82.007, 5.66435
82.353, 5.660957
82.699, 5.67446
83.045, 5.66435
83.391, 5.671101
83.737, 5.67446
84.083, 5.67446
84.429, 5.677807
84.775, 5.679476
85.121, 5.682807
85.467, 5.682807
85.813, 5.686126
86.159, 5.687782
86.505, 5.687782
86.851, 5.691085
87.197, 5.691085
87.543, 5.694377
87.889, 5.694377
88.235, 5.694377
88.581, 5.696019
88.927, 5.696019
89.273, 5.696019
89.619, 5.697659
89.965, 5.700929
90.311, 5.697659
90.657, 5.700929
91.003, 5.700929
91.349, 5.687782
91.696, 5.697659
92.042, 5.702561
92.388, 5.697659
92.734, 5.691085
93.08, 5.696019
93.426, 5.699295
93.772, 5.697659
94.118, 5.700929
94.464, 5.704189
94.81, 5.700929
95.156, 5.696019
95.502, 5.697659
95.848, 5.697659
96.194, 5.696019
96.54, 5.697659
96.886, 5.696019
97.232, 5.700929
97.578, 5.691085
97.924, 5.696019
98.27, 5.697659
98.616, 5.694377
98.962, 5.687782
99.308, 5.691085
99.654, 5.696019
0, 5.673184
0.346, 5.672114
0.692, 5.672114
1.038, 5.672114
1.384, 5.672649
1.73, 5.670508
2.076, 5.672114
2.422, 5.671043
2.768, 5.667286
3.114, 5.673184
3.46, 5.673184
3.806, 5.672649
4.152, 5.673184
4.498, 5.673184
4.844, 5.674252
5.19, 5.673718
5.536, 5.673718
5.882, 5.674252
6.228, 5.673718
6.574, 5.673718
6.92, 5.67532
7.266, 5.674786
7.612, 5.674786
7.958, 5.674252
8.304, 5.67532
8.651, 5.674786
8.997, 5.67532
9.343, 5.676386
9.689, 5.67532
10.035, 5.674252
10.381, 5.676386
10.727, 5.676919
11.073, 5.676386
11.419, 5.677451
11.765, 5.676919
12.111, 5.677451
12.457, 5.677451
12.803, 5.677451
13.149, 5.678515
13.495, 5.677983
13.841, 5.677983
14.187, 5.678515
14.533, 5.679578
14.879, 5.678515
15.225, 5.679578
15.571, 5.679578
15.917, 5.679578
16.263, 5.68064
16.609, 5.68117
16.955, 5.68064
17.301, 5.681701
17.647, 5.68064
17.993, 5.681701
18.339, 5.68223
18.685, 5.680109
19.031, 5.68223
19.377, 5.68223
19.723, 5.679578
20.069, 5.68276
20.415, 5.683289
20.761, 5.683289
21.107, 5.68276
21.453, 5.683289
21.799, 5.685404
22.145, 5.681701
22.491, 5.684347
22.837, 5.685932
23.183, 5.685932
23.529, 5.685932
23.875, 5.685932
24.221, 5.686987
24.567, 5.688041
24.913, 5.688041
25.26, 5.688041
25.606, 5.689094
25.952, 5.688567
26.298, 5.688567
26.644, 5.68962
26.99, 5.689094
27.336, 5.690145
27.682, 5.690671
28.028, 5.691196
28.374, 5.691196
28.72, 5.688041
29.066, 5.692245
29.412, 5.692245
29.758, 5.692245
30.104, 5.692245
30.45, 5.693818
30.796, 5.694341
31.142, 5.693294
31.488, 5.694341
31.834, 5.695387
32.18, 5.695387
32.526, 5.693294
32.872, 5.696432
33.218, 5.696432
33.564, 5.696954
33.91, 5.697998
34.256, 5.698519
34.602, 5.698519
34.948, 5.698519
35.294, 5.698519
35.64, 5.699561
35.986, 5.700602
36.332, 5.699561
36.678, 5.702161
37.024, 5.701642
37.37, 5.700602
37.716, 5.70268
38.062, 5.703199
38.408, 5.704236
38.754, 5.69904
39.1, 5.705789
39.446, 5.706307
39.792, 5.70268
40.138, 5.705272
40.484, 5.706824
40.83, 5.707857
41.176, 5.706307
41.522, 5.70992
41.869, 5.709405
42.215, 5.708889
42.561, 5.708889
42.907, 5.70992
43.253, 5.711465
43.599, 5.711979
43.945, 5.712493
44.291, 5.713521
44.637, 5.713521
44.983, 5.714547
45.329, 5.71506
45.675, 5.716085
46.021, 5.716085
46.367, 5.716596
46.713, 5.717108
47.059, 5.718131
47.405, 5.718131
47.751, 5.720173
48.097, 5.720173
48.443, 5.721193
48.789, 5.71762
49.135, 5.72272
49.481, 5.722211
49.827, 5.722211
50.173, 5.724245
50.519, 5.72526
50.865, 5.726275
51.211, 5.72526
51.557, 5.727288
51.903, 5.726781
52.249, 5.726275
52.595, 5.728806
52.941, 5.729817
53.287, 5.731331
53.633, 5.731331
53.979, 5.732339
54.325, 5.733347
54.671, 5.733347
55.017, 5.73385
55.363, 5.73586
55.709, 5.736362
56.055, 5.736362
56.401, 5.736864
56.747, 5.738367
57.093, 5.739369
57.439, 5.739369
57.785, 5.741867
58.131, 5.742366
58.478, 5.742366
58.824, 5.741867
59.17, 5.743363
59.516, 5.744359
59.862, 5.747342
60.208, 5.746846
60.554, 5.747838
60.9, 5.747838
61.246, 5.749325
61.592, 5.749821
61.938, 5.751305
62.284, 5.75081
62.63, 5.753281
62.976, 5.754267
63.322, 5.754267
63.668, 5.755252
64.014, 5.755252
64.36, 5.75722
64.706, 5.75722
65.052, 5.758203
65.398, 5.759674
65.744, 5.760655
66.09, 5.760655
66.436, 5.762612
66.782, 5.7631
67.128, 5.7631
67.474, 5.762612
67.82, 5.76554
68.166, 5.767488
68.512, 5.76554
68.858, 5.764565
69.204, 5.769918
69.55, 5.770403
69.896, 5.768461
70.242, 5.772825
70.588, 5.773309
70.934, 5.774275
71.28, 5.773309
71.626, 5.775724
71.972, 5.776688
72.318, 5.77717
72.664, 5.777652
73.01, 5.779576
73.356, 5.780537
73.702, 5.781497
74.048, 5.781976
74.394, 5.782935
74.74, 5.783414
75.087, 5.784371
75.433, 5.785327
75.779, 5.786282
76.125, 5.78676
76.471, 5.787237
76.817, 5.788666
77.163, 5.789143
77.509, 5.789143
77.855, 5.79057
78.201, 5.791995
78.547, 5.792469
78.893, 5.792469
79.239, 5.794839
79.585, 5.795312
79.931, 5.793892
80.277, 5.79673
80.623, 5.797203
80.969, 5.798147
81.315, 5.798147
81.661, 5.799561
82.007, 5.800503
82.353, 5.801443
82.699, 5.800503
83.045, 5.803323
83.391, 5.802853
83.737, 5.803323
84.083, 5.803323
84.429, 5.805198
84.775, 5.805198
85.121, 5.805198
85.467, 5.806602
85.813, 5.807538
86.159, 5.80707
86.505, 5.808005
86.851, 5.808939
87.197, 5.809405
87.543, 5.809872
87.889, 5.810804
88.235, 5.811735
88.581, 5.811735
88.927, 5.809872
89.273, 5.814524
89.619, 5.81313
89.965, 5.810804
90.311, 5.813595
90.657, 5.815451
91.003, 5.815451
91.349, 5.814988
91.696, 5.815915
92.042, 5.816841
92.388, 5.814988
92.734, 5.817304
93.08, 5.816841
93.426, 5.818229
93.772, 5.818229
94.118, 5.818692
94.464, 5.819154
94.81, 5.818229
95.156, 5.819154
95.502, 5.820539
95.848, 5.820077
96.194, 5.820539
96.54, 5.821
96.886, 5.821
97.232, 5.821461
97.578, 5.821461
97.924, 5.821922
98.27, 5.822843
98.616, 5.821922
98.962, 5.822843
99.308, 5.823763
99.654, 5.823763
"EOF"
