"DATA MONITOR"
"NORMAL DATA"
867
3
289,578,867,0,0,0,0
"cal1.vol"
"cm^3"
"Time"
"ms"
:R"Time" "cal1.vol"~cal1.vol~cm^3~press„o~kPa~Temperature~K~
0.000, 202.32169
0.346, 202.01883
0.692, 201.56455
1.038, 201.26169
1.384, 201.11026
1.730, 200.50455
2.076, 200.20169
2.422, 199.74741
2.768, 199.44455
3.114, 198.99026
3.460, 198.53598
3.806, 198.23312
4.152, 197.77884
4.498, 197.62741
4.844, 197.17312
5.190, 196.87027
5.536, 196.26455
5.882, 195.81027
6.228, 195.20455
6.574, 195.35598
6.920, 194.75027
7.266, 194.29598
7.612, 193.84170
7.958, 193.53884
8.304, 192.93313
8.651, 192.63027
8.997, 192.32742
9.343, 191.72170
9.689, 191.11599
10.035, 191.11599
10.381, 190.66170
10.727, 189.75313
11.073, 189.29885
11.419, 188.84456
11.765, 188.69313
12.111, 188.54171
12.457, 187.48171
12.803, 187.33028
13.149, 186.87599
13.495, 186.11885
13.841, 186.11885
14.187, 185.21028
14.533, 184.75600
14.879, 184.45314
15.225, 183.99886
15.571, 183.84743
15.917, 182.78743
16.263, 182.63600
16.609, 182.03029
16.955, 181.42457
17.301, 181.42457
17.647, 180.81886
17.993, 180.21315
18.339, 179.45600
18.685, 179.30458
19.031, 178.69886
19.377, 177.79029
19.723, 177.48744
20.069, 177.03315
20.415, 176.42744
20.761, 176.27601
21.107, 175.51887
21.453, 174.91315
21.799, 174.61030
22.145, 174.00458
22.491, 173.55030
22.837, 172.94459
23.183, 172.18744
23.529, 171.73316
23.875, 171.27887
24.221, 170.67316
24.567, 170.37030
24.913, 169.91602
25.260, 169.00745
25.606, 168.55316
25.952, 168.25031
26.298, 167.49316
26.644, 167.03888
26.990, 166.58459
27.336, 166.13031
27.682, 165.67602
28.028, 165.07031
28.374, 164.46460
28.720, 163.85888
29.066, 163.25317
29.412, 162.95031
29.758, 162.04174
30.104, 161.89031
30.450, 161.28460
30.796, 160.83032
31.142, 160.37603
31.488, 159.61889
31.834, 159.16460
32.180, 158.40746
32.526, 158.10461
32.872, 157.19604
33.218, 156.89318
33.564, 156.28747
33.910, 155.68175
34.256, 155.07604
34.602, 154.77318
34.948, 153.86461
35.294, 153.56175
35.640, 153.10747
35.986, 152.04747
36.332, 151.74461
36.678, 151.59319
37.024, 150.98747
37.370, 150.38176
37.716, 149.77605
38.062, 149.32176
38.408, 148.71605
38.754, 147.95891
39.100, 147.65605
39.446, 147.20176
39.792, 146.59605
40.138, 146.29319
40.484, 145.53605
40.830, 145.38462
41.176, 144.77891
41.522, 144.17320
41.869, 143.56748
42.215, 143.26463
42.561, 142.50748
42.907, 142.35606
43.253, 141.75034
43.599, 140.99320
43.945, 140.84177
44.291, 140.38749
44.637, 139.78177
44.983, 139.17606
45.329, 138.87320
45.675, 138.26749
46.021, 137.66178
46.367, 137.51035
46.713, 136.90464
47.059, 136.14749
47.405, 136.29892
47.751, 135.69321
48.097, 134.93607
48.443, 134.78464
48.789, 134.17892
49.135, 133.57321
49.481, 133.57321
49.827, 132.96750
50.173, 132.51321
50.519, 132.21036
50.865, 131.75607
51.211, 130.99893
51.557, 130.99893
51.903, 130.39322
52.249, 129.93893
52.595, 129.48465
52.941, 129.33322
53.287, 128.72750
53.633, 128.27322
53.979, 127.81893
54.325, 127.51608
54.671, 127.21322
55.017, 126.60751
55.363, 126.30465
55.709, 126.15322
56.055, 126.00179
56.401, 125.24465
56.747, 124.79037
57.093, 124.48751
57.439, 124.48751
57.785, 124.03322
58.131, 123.57894
58.478, 122.97323
58.824, 123.12465
59.170, 122.82180
59.516, 122.51894
59.862, 122.06466
60.208, 121.45894
60.554, 121.45894
60.900, 121.00466
61.246, 120.85323
61.592, 120.55037
61.938, 120.24752
62.284, 119.79323
62.630, 119.79323
62.976, 119.18752
63.322, 119.03609
63.668, 118.73323
64.014, 118.43038
64.360, 118.12752
64.706, 117.97609
65.052, 117.82466
65.398, 117.37038
65.744, 116.61323
66.090, 117.21895
66.436, 116.76466
66.782, 116.46181
67.128, 116.61323
67.474, 115.85609
67.820, 116.15895
68.166, 116.15895
68.512, 115.25038
68.858, 115.55324
69.204, 115.25038
69.550, 114.94752
69.896, 114.94752
70.242, 114.64467
70.588, 114.79609
70.934, 114.19038
71.280, 114.19038
71.626, 113.88752
71.972, 113.88752
72.318, 113.88752
72.664, 113.43324
73.010, 113.58467
73.356, 113.28181
73.702, 112.97895
74.048, 113.13038
74.394, 112.52467
74.740, 112.67610
75.087, 112.52467
75.433, 112.37324
75.779, 112.37324
76.125, 112.07038
76.471, 111.91896
76.817, 112.07038
77.163, 111.61610
77.509, 111.61610
77.855, 111.61610
78.201, 111.61610
78.547, 111.61610
78.893, 111.31324
79.239, 111.16181
79.585, 111.01039
79.931, 111.31324
80.277, 110.85896
80.623, 111.01039
80.969, 110.85896
81.315, 110.55610
81.661, 110.70753
82.007, 110.55610
82.353, 110.10182
82.699, 110.40467
83.045, 110.10182
83.391, 110.10182
83.737, 110.10182
84.083, 109.95039
84.429, 109.79896
84.775, 109.64753
85.121, 109.79896
85.467, 109.49610
85.813, 109.79896
86.159, 109.49610
86.505, 110.10182
86.851, 109.49610
87.197, 109.64753
87.543, 109.34467
87.889, 109.34467
88.235, 109.49610
88.581, 109.04182
88.927, 109.49610
89.273, 109.34467
89.619, 109.34467
89.965, 108.89039
90.311, 109.19324
90.657, 108.89039
91.003, 109.04182
91.349, 109.19324
91.696, 109.19324
92.042, 108.89039
92.388, 109.04182
92.734, 108.89039
93.080, 109.19324
93.426, 109.19324
93.772, 108.89039
94.118, 108.73896
94.464, 108.73896
94.810, 108.89039
95.156, 108.73896
95.502, 109.04182
95.848, 108.89039
96.194, 108.58753
96.540, 108.73896
96.886, 109.04182
97.232, 109.34467
97.578, 108.73896
97.924, 108.89039
98.270, 108.58753
98.616, 108.89039
98.962, 108.89039
99.308, 109.64753
99.654, 108.58753
0.000, 117.46032
0.346, 116.97192
0.692, 116.48352
1.038, 116.97192
1.384, 117.46032
1.730, 118.43712
2.076, 117.94872
2.422, 118.92552
2.768, 117.94872
3.114, 119.41392
3.460, 120.39072
3.806, 120.39072
4.152, 119.90232
4.498, 120.39072
4.844, 120.39072
5.190, 122.83272
5.536, 122.34432
5.882, 121.85592
6.228, 121.85592
6.574, 122.34432
6.920, 123.80952
7.266, 124.29792
7.612, 123.80952
7.958, 123.80952
8.304, 124.78632
8.651, 125.27473
8.997, 124.78632
9.343, 124.78632
9.689, 127.22833
10.035, 126.25153
10.381, 127.71673
10.727, 128.69353
11.073, 128.20513
11.419, 127.71673
11.765, 129.67033
12.111, 130.15873
12.457, 130.15873
12.803, 130.64713
13.149, 131.62393
13.495, 131.13553
13.841, 132.11233
14.187, 132.11233
14.533, 132.60073
14.879, 133.08913
15.225, 133.08913
15.571, 135.53114
15.917, 135.04274
16.263, 135.53114
16.609, 135.53114
16.955, 136.01954
17.301, 137.48474
17.647, 137.97314
17.993, 137.48474
18.339, 138.46154
18.685, 137.97314
19.031, 139.92674
19.377, 139.92674
19.723, 141.39194
20.069, 140.90354
20.415, 142.85714
20.761, 142.85714
21.107, 143.83394
21.453, 144.81074
21.799, 145.29915
22.145, 144.81074
22.491, 146.27595
22.837, 146.76435
23.183, 146.76435
23.529, 147.74115
23.875, 148.22955
24.221, 148.71795
24.567, 151.15995
24.913, 151.15995
25.260, 151.64835
25.606, 151.15995
25.952, 151.64835
26.298, 153.60195
26.644, 153.60195
26.990, 154.57875
27.336, 155.55556
27.682, 156.53236
28.028, 157.02076
28.374, 156.53236
28.720, 157.02076
29.066, 159.46276
29.412, 159.46276
29.758, 160.43956
30.104, 162.88156
30.450, 161.41636
30.796, 161.41636
31.142, 164.34676
31.488, 164.83516
31.834, 164.83516
32.180, 167.27717
32.526, 165.81197
32.872, 166.78877
33.218, 168.74237
33.564, 168.74237
33.910, 169.23077
34.256, 171.18437
34.602, 171.67277
34.948, 172.16117
35.294, 174.60317
35.640, 174.11477
35.986, 176.06838
36.332, 175.57998
36.678, 177.04518
37.024, 178.02198
37.370, 178.02198
37.716, 180.46398
38.062, 179.48718
38.408, 179.97558
38.754, 183.39438
39.100, 181.92918
39.446, 183.88278
39.792, 185.83639
40.138, 185.83639
40.484, 185.83639
40.830, 188.27839
41.176, 188.76679
41.522, 188.76679
41.869, 191.69719
42.215, 192.18559
42.561, 191.69719
42.907, 194.13919
43.253, 194.62759
43.599, 195.11600
43.945, 196.58120
44.291, 197.55800
44.637, 197.55800
44.983, 198.53480
45.329, 200.48840
45.675, 199.51160
46.021, 201.46520
46.367, 203.41880
46.713, 203.90720
47.059, 205.37241
47.405, 206.34921
47.751, 206.83761
48.097, 207.81441
48.443, 209.27961
48.789, 209.27961
49.135, 210.74481
49.481, 213.18681
49.827, 212.21001
50.173, 214.16361
50.519, 216.11722
50.865, 215.62882
51.211, 217.09402
51.557, 218.07082
51.903, 219.04762
52.249, 219.53602
52.595, 221.48962
52.941, 222.46642
53.287, 221.97802
53.633, 224.42002
53.979, 224.90842
54.325, 226.86203
54.671, 226.86203
55.017, 226.86203
55.363, 226.86203
55.709, 229.30403
56.055, 230.76923
56.401, 229.79243
56.747, 230.76923
57.093, 232.72283
57.439, 233.21123
57.785, 234.67643
58.131, 236.63004
58.478, 235.65324
58.824, 236.63004
59.170, 238.09524
59.516, 239.07204
59.862, 239.56044
60.208, 241.02564
60.554, 240.53724
60.900, 241.51404
61.246, 243.46764
61.592, 242.97924
61.938, 243.46764
62.284, 245.90965
62.630, 245.42125
62.976, 246.88645
63.322, 247.37485
63.668, 248.84005
64.014, 248.35165
64.360, 250.30525
64.706, 249.81685
65.052, 250.79365
65.398, 251.28205
65.744, 252.74725
66.090, 251.28205
66.436, 254.21245
66.782, 254.21245
67.128, 255.18926
67.474, 256.16606
67.820, 256.65446
68.166, 256.65446
68.512, 256.16606
68.858, 258.60806
69.204, 258.11966
69.550, 258.60806
69.896, 260.07326
70.242, 260.07326
70.588, 261.05006
70.934, 262.02686
71.280, 261.05006
71.626, 262.51526
71.972, 263.00366
72.318, 264.46886
72.664, 263.98046
73.010, 265.44567
73.356, 264.46886
73.702, 265.93407
74.048, 265.93407
74.394, 265.93407
74.740, 265.93407
75.087, 267.88767
75.433, 267.88767
75.779, 267.88767
76.125, 267.88767
76.471, 269.35287
76.817, 267.39927
77.163, 268.86447
77.509, 269.84127
77.855, 270.81807
78.201, 269.35287
78.547, 270.81807
78.893, 271.79487
79.239, 271.79487
79.585, 271.79487
79.931, 271.79487
80.277, 271.79487
80.623, 273.26007
80.969, 271.79487
81.315, 272.28327
81.661, 274.23687
82.007, 271.79487
82.353, 274.23687
82.699, 275.70208
83.045, 274.23687
83.391, 272.77167
83.737, 275.70208
84.083, 274.72527
84.429, 274.72527
84.775, 276.19048
85.121, 275.70208
85.467, 274.72527
85.813, 276.19048
86.159, 275.21368
86.505, 275.70208
86.851, 276.19048
87.197, 276.19048
87.543, 274.72527
87.889, 275.70208
88.235, 275.70208
88.581, 275.70208
88.927, 277.16728
89.273, 276.67888
89.619, 275.70208
89.965, 277.16728
90.311, 276.67888
90.657, 276.19048
91.003, 276.67888
91.349, 277.65568
91.696, 276.67888
92.042, 276.19048
92.388, 277.65568
92.734, 276.19048
93.080, 277.16728
93.426, 277.65568
93.772, 276.67888
94.118, 276.67888
94.464, 279.12088
94.810, 277.65568
95.156, 276.19048
95.502, 277.65568
95.848, 276.67888
96.194, 277.16728
96.540, 277.65568
96.886, 277.65568
97.232, 276.67888
97.578, 277.65568
97.924, 276.67888
98.270, 276.67888
98.616, 277.16728
98.962, 276.67888
99.308, 278.14408
99.654, 276.67888
0.000, 298.42518
0.346, 298.73626
0.692, 299.04733
1.038, 299.04733
1.384, 299.35840
1.730, 299.04733
2.076, 299.66947
2.422, 299.20286
2.768, 299.98054
3.114, 299.82501
3.460, 299.35840
3.806, 299.98054
4.152, 300.29162
4.498, 300.29162
4.844, 300.91376
5.190, 299.98054
5.536, 301.22483
5.882, 300.91376
6.228, 301.22483
6.574, 301.22483
6.920, 300.75822
7.266, 300.60269
7.612, 301.38037
7.958, 301.38037
8.304, 301.84698
8.651, 301.69144
8.997, 302.31358
9.343, 302.15805
9.689, 302.15805
10.035, 302.46912
10.381, 302.15805
10.727, 302.93573
11.073, 302.31358
11.419, 303.09126
11.765, 303.40234
12.111, 302.93573
12.457, 303.86894
12.803, 303.55787
13.149, 303.40234
13.495, 304.18002
13.841, 303.71341
14.187, 304.49109
14.533, 304.49109
14.879, 304.95770
15.225, 304.64662
15.571, 305.26877
15.917, 305.57984
16.263, 305.26877
16.609, 305.26877
16.955, 305.89091
17.301, 305.89091
17.647, 306.51306
17.993, 306.35752
18.339, 306.35752
18.685, 306.51306
19.031, 306.66859
19.377, 307.13520
19.723, 307.29074
20.069, 307.60181
20.415, 307.13520
20.761, 307.75734
21.107, 308.37949
21.453, 308.69056
21.799, 308.37949
22.145, 309.00163
22.491, 308.53502
22.837, 309.00163
23.183, 309.15717
23.529, 309.62378
23.875, 309.62378
24.221, 309.77931
24.567, 310.24592
24.913, 310.71253
25.260, 310.55699
25.606, 311.17914
25.952, 310.86806
26.298, 311.49021
26.644, 312.26789
26.990, 311.80128
27.336, 311.64574
27.682, 312.89003
28.028, 312.42342
28.374, 313.04557
28.720, 313.35664
29.066, 313.35664
29.412, 314.44539
29.758, 313.97879
30.104, 314.13432
30.450, 314.28986
30.796, 314.91200
31.142, 315.06754
31.488, 315.37861
31.834, 315.84522
32.180, 315.53415
32.526, 316.15629
32.872, 317.08951
33.218, 316.62290
33.564, 316.93397
33.910, 318.02272
34.256, 317.55611
34.602, 317.40058
34.948, 318.17826
35.294, 318.48933
35.640, 318.64487
35.986, 318.95594
36.332, 319.88915
36.678, 319.11147
37.024, 319.26701
37.370, 320.66683
37.716, 320.20023
38.062, 320.66683
38.408, 321.13344
38.754, 321.44451
39.100, 320.82237
39.446, 322.22219
39.792, 322.53327
40.138, 322.68880
40.484, 323.31095
40.830, 323.62202
41.176, 323.93309
41.522, 324.24416
41.869, 324.24416
42.215, 324.55523
42.561, 325.48845
42.907, 325.48845
43.253, 325.79952
43.599, 326.57720
43.945, 326.73274
44.291, 326.73274
44.637, 327.51042
44.983, 327.97703
45.329, 328.28810
45.675, 328.75471
46.021, 328.91024
46.367, 328.91024
46.713, 329.53239
47.059, 330.31007
47.405, 329.99900
47.751, 330.46560
48.097, 331.86543
48.443, 331.39882
48.789, 330.93221
49.135, 332.33204
49.481, 332.33204
49.827, 332.79864
50.173, 333.26525
50.519, 333.57632
50.865, 333.88740
51.211, 334.35400
51.557, 334.50954
51.903, 334.97615
52.249, 335.59829
52.595, 335.75383
52.941, 336.06490
53.287, 336.68704
53.633, 336.53151
53.979, 336.99812
54.325, 337.30919
54.671, 338.08687
55.017, 338.08687
55.363, 339.48669
55.709, 339.17562
56.055, 339.48669
56.401, 339.64223
56.747, 340.26437
57.093, 340.26437
57.439, 341.04205
57.785, 341.04205
58.131, 341.97527
58.478, 341.81973
58.824, 342.90848
59.170, 342.59741
59.516, 343.21956
59.862, 343.84170
60.208, 344.46384
60.554, 344.46384
60.900, 344.61938
61.246, 345.08599
61.592, 345.70813
61.938, 346.17474
62.284, 346.17474
62.630, 346.64135
62.976, 346.79689
63.322, 347.73010
63.668, 347.57457
64.014, 348.35225
64.360, 348.81885
64.706, 348.04117
65.052, 349.44100
65.398, 349.59653
65.744, 349.59653
66.090, 350.21868
66.436, 350.37421
66.782, 351.46297
67.128, 351.30743
67.474, 351.92957
67.820, 351.77404
68.166, 352.08511
68.512, 352.86279
68.858, 352.86279
69.204, 353.17386
69.550, 354.10708
69.896, 353.79601
70.242, 355.04029
70.588, 354.57369
70.934, 354.88476
71.280, 355.35137
71.626, 355.35137
71.972, 356.28458
72.318, 356.28458
72.664, 356.44012
73.010, 356.59565
73.356, 357.21780
73.702, 357.99548
74.048, 358.15101
74.394, 358.30655
74.740, 358.77316
75.087, 358.46209
75.433, 359.39530
75.779, 360.17298
76.125, 359.70637
76.471, 360.01745
76.817, 360.17298
77.163, 360.95066
77.509, 360.17298
77.855, 361.10620
78.201, 361.26174
78.547, 361.41727
78.893, 362.35049
79.239, 360.79513
79.585, 362.97263
79.931, 362.66156
80.277, 363.12817
80.623, 363.28370
80.969, 363.43924
81.315, 364.21692
81.661, 364.06138
82.007, 364.37246
82.353, 364.83906
82.699, 364.52799
83.045, 365.15014
83.391, 365.61674
83.737, 365.61674
84.083, 366.23889
84.429, 366.23889
84.775, 365.77228
85.121, 366.86103
85.467, 366.86103
85.813, 366.86103
86.159, 367.32764
86.505, 367.79425
86.851, 367.63871
87.197, 367.94978
87.543, 368.41639
87.889, 368.57193
88.235, 368.41639
88.581, 369.03854
88.927, 369.34961
89.273, 369.03854
89.619, 369.19407
89.965, 369.66068
90.311, 369.50514
90.657, 369.97175
91.003, 370.74943
91.349, 370.28282
91.696, 370.59390
92.042, 370.90497
92.388, 370.59390
92.734, 371.21604
93.080, 371.37158
93.426, 371.21604
93.772, 371.83818
94.118, 371.83818
94.464, 371.68265
94.810, 371.99372
95.156, 372.46033
95.502, 372.46033
95.848, 372.46033
96.194, 373.08247
96.540, 372.61586
96.886, 372.92694
97.232, 373.54908
97.578, 372.92694
97.924, 373.54908
98.270, 373.86015
98.616, 373.86015
98.962, 373.39354
99.308, 374.01569
99.654, 374.32676
"EOF"
