0.000	110.10157	
0.346	110.70729
0.692	111.31300
1.038	111.76729
1.384	111.91871
1.730	112.22157
2.076	112.22157
2.422	112.52443
2.768	112.82729
3.114	112.97871
3.460	113.43300
3.806	113.58443
4.152	114.34157
4.498	114.19014
4.844	114.49300
5.190	114.79586
5.536	115.09871
5.882	115.70443
6.228	115.55300
6.574	116.15871
6.920	116.31014
7.266	116.61300
7.612	117.06729
7.958	117.52157
8.304	117.37014
8.651	117.82443
8.997	118.12729
9.343	118.73300
9.689	118.73300
10.035	119.33871
10.381	119.64157
10.727	119.79300
11.073	120.39871
11.419	120.55014
11.765	120.85300
12.111	121.45871
12.457	121.91300
12.803	122.21586
13.149	122.67014
13.495	122.51871
13.841	123.12443
14.187	123.73014
14.533	124.18443
14.879	124.33586
15.225	124.79014
15.571	125.09300
15.917	125.85014
16.263	125.69871
16.609	126.60729
16.955	126.45586
17.301	127.06157
17.647	127.51586
17.993	127.66729
18.339	128.42443
18.685	128.57586
19.031	128.72729
19.377	129.63586
19.723	129.93871
20.069	130.39300
20.415	130.54443
20.761	130.69586
21.107	131.45300
21.453	131.90729
21.799	132.36157
22.145	132.66443
22.491	132.81586
22.837	133.57300
23.183	133.87586
23.529	134.33014
23.875	134.63300
24.221	134.93586
24.567	135.54157
24.913	135.99586
25.260	136.75300
25.606	136.75300
25.952	137.35871
26.298	137.81300
26.644	138.11586
26.990	138.72157
27.336	139.02443
27.682	139.32729
28.028	140.08443
28.374	140.53871
28.720	140.99300
29.066	141.44729
29.412	141.75014
29.758	142.20443
30.104	142.65871
30.450	143.41586
30.796	143.41586
31.142	144.02157
31.488	144.47586
31.834	144.62729
32.180	145.38443
32.526	145.68729
32.872	145.83871
33.218	146.74729
33.564	146.89871
33.910	147.20157
34.256	147.95871
34.602	148.26157
34.948	148.71586
35.294	149.17014
35.640	149.62443
35.986	150.07871
36.332	150.68443
36.678	150.83586
37.024	151.59300
37.370	151.89586
37.716	152.65300
38.062	153.41014
38.408	153.41014
38.754	154.16729
39.100	154.31871
39.446	154.77300
39.792	155.37871
40.138	155.83300
40.484	156.28729
40.830	157.04443
41.176	157.95300
41.522	157.80157
41.869	158.40729
42.215	158.86157
42.561	159.16443
42.907	159.77014
43.253	160.37586
43.599	160.67871
43.945	161.28443
44.291	161.73871
44.637	162.04157
44.983	162.64729
45.329	163.25300
45.675	163.55586
46.021	164.16157
46.367	164.61586
46.713	165.07014
47.059	165.52443
47.405	165.97871
47.751	166.58443
48.097	167.03871
48.443	167.34157
48.789	167.94729
49.135	168.55300
49.481	169.15871
49.827	170.06729
50.173	170.06729
50.519	170.67300
50.865	171.27871
51.211	171.73300
51.557	172.33871
51.903	172.33871
52.249	172.94443
52.595	173.55014
52.941	174.00443
53.287	174.30729
53.633	174.91300
53.979	175.36729
54.325	175.67014
54.671	176.42729
55.017	176.73014
55.363	177.03300
55.709	177.79014
56.055	178.24443
56.401	178.39586
56.747	179.15300
57.093	179.45586
57.439	179.75871
57.785	180.36443
58.131	181.12157
58.478	181.27300
58.824	182.33300
59.170	182.63586
59.516	182.93871
59.862	183.69586
60.208	183.84729
60.554	184.45300
60.900	185.05871
61.246	185.21014
61.592	185.51300
61.938	186.11871
62.284	186.72443
62.630	187.17871
62.976	187.48157
63.322	187.93586
63.668	188.54157
64.014	188.99586
64.360	189.45014
64.706	189.60157
65.052	190.05586
65.398	190.66157
65.744	191.41871
66.090	191.41871
66.436	191.87300
66.782	192.17586
67.128	192.93300
67.474	193.69014
67.820	193.99300
68.166	194.44729
68.512	194.75014
68.858	194.75014
69.204	195.50729
69.550	196.26443
69.896	197.02157
70.242	196.71871
70.588	197.32443
70.934	197.77871
71.280	198.38443
71.626	198.83871
71.972	198.99014
72.318	199.29300
72.664	199.89871
73.010	200.35300
73.356	200.95871
73.702	200.95871
74.048	201.41300
74.394	201.71586
74.740	202.32157
75.087	202.92729
75.433	202.62443
75.779	203.53300
76.125	203.83586
76.471	204.44157
76.817	204.74443
77.163	205.04729
77.509	205.65300
77.855	205.65300
78.201	206.41014
78.547	206.86443
78.893	206.86443
79.239	207.47014
79.585	208.07586
79.931	208.37871
80.277	208.68157
80.623	208.53014
80.969	209.13586
81.315	209.74157
81.661	210.49871
82.007	210.49871
82.353	210.95300
82.699	211.25586
83.045	211.55871
83.391	212.01300
83.737	212.31586
84.083	212.46729
84.429	213.22443
84.775	213.37586
85.121	213.98157
85.467	214.28443
85.813	214.28443
86.159	214.73871
86.505	215.04157
86.851	215.34443
87.197	215.49586
87.543	215.79871
87.889	216.40443
88.235	216.40443
88.581	216.85871
88.927	217.46443
89.273	217.01014
89.619	218.07014
89.965	218.52443
90.311	219.28157
90.657	218.82729
91.003	219.43300
91.349	219.58443
91.696	219.73586
92.042	220.19014
92.388	220.03871
92.734	220.64443
93.080	220.94729
93.426	220.94729
93.772	221.40157
94.118	221.70443
94.464	222.00729
94.810	222.15871
95.156	222.61300
95.502	222.76443
95.848	222.76443
96.194	223.37014
96.540	223.52157
96.886	223.67300
97.232	224.12729
97.578	224.27871
97.924	224.43014
98.270	224.88443
98.616	225.79300
98.962	225.18729
99.308	225.64157
99.654	225.94443
0.000	77.411477
0.346	78.388278
0.692	76.923077
1.038	76.434676
1.384	76.923077
1.730	76.434676
2.076	76.434676
2.422	76.923077
2.768	75.457875
3.114	75.946276
3.460	75.457875
3.806	73.992674
4.152	73.504274
4.498	75.457875
4.844	73.504274
5.190	72.527473
5.536	72.527473
5.882	72.527473
6.228	71.550672
6.574	72.527473
6.920	70.573871
7.266	72.527473
7.612	72.527473
7.958	70.573871
8.304	70.573871
8.651	70.573871
8.997	70.573871
9.343	69.597070
9.689	70.085470
10.035	69.597070
10.381	68.620269
10.727	68.620269
11.073	68.620269
11.419	67.155067
11.765	68.620269
12.111	67.643468
12.457	67.643468
12.803	67.643468
13.149	67.155067
13.495	66.666667
13.841	65.689866
14.187	66.178266
14.533	65.689866
14.879	65.689866
15.225	65.689866
15.571	65.201465
15.917	65.201465
16.263	64.713065
16.609	63.736264
16.955	63.247863
17.301	63.247863
17.647	63.736264
17.993	62.271062
18.339	62.759463
18.685	61.782662
19.031	62.271062
19.377	61.782662
19.723	61.782662
20.069	60.805861
20.415	61.294261
20.761	60.805861
21.107	60.805861
21.453	60.805861
21.799	60.805861
22.145	58.852259
22.491	58.852259
22.837	58.852259
23.183	58.852259
23.529	58.852259
23.875	57.387057
24.221	58.852259
24.567	57.875458
24.913	58.852259
25.260	55.921856
25.606	56.898657
25.952	57.875458
26.298	57.387057
26.644	56.898657
26.990	56.410256
27.336	55.921856
27.682	55.921856
28.028	56.898657
28.374	55.921856
28.720	54.456654
29.066	55.433455
29.412	54.945055
29.758	53.968254
30.104	54.456654
30.450	53.479853
30.796	53.479853
31.142	53.479853
31.488	52.503053
31.834	53.479853
32.180	52.503053
32.526	51.526252
32.872	51.037851
33.218	52.991453
33.564	51.526252
33.910	51.037851
34.256	51.037851
34.602	49.572650
34.948	49.572650
35.294	51.526252
35.640	50.061050
35.986	49.084249
36.332	51.037851
36.678	49.572650
37.024	47.619048
37.370	49.084249
37.716	49.084249
38.062	48.107448
38.408	49.084249
38.754	49.084249
39.100	46.642247
39.446	47.619048
39.792	47.130647
40.138	47.130647
40.484	46.642247
40.830	47.619048
41.176	47.130647
41.522	46.642247
41.869	46.153846
42.215	45.177045
42.561	46.153846
42.907	45.177045
43.253	45.177045
43.599	45.665446
43.945	45.665446
44.291	44.200244
44.637	44.688645
44.983	45.177045
45.329	45.177045
45.675	44.200244
46.021	44.200244
46.367	43.223443
46.713	43.223443
47.059	44.200244
47.405	43.223443
47.751	42.246642
48.097	43.711844
48.443	42.735043
48.789	41.758242
49.135	43.223443
49.481	42.246642
49.827	41.758242
50.173	42.246642
50.519	42.246642
50.865	41.269841
51.211	41.269841
51.557	41.269841
51.903	41.269841
52.249	41.269841
52.595	41.269841
52.941	39.804640
53.287	40.781441
53.633	40.293040
53.979	39.804640
54.325	41.269841
54.671	40.293040
55.017	39.804640
55.363	40.293040
55.709	39.804640
56.055	38.339438
56.401	38.339438
56.747	39.804640
57.093	38.339438
57.439	39.316239
57.785	39.316239
58.131	37.362637
58.478	38.827839
58.824	38.827839
59.170	37.362637
59.516	37.362637
59.862	37.851038
60.208	36.874237
60.554	37.851038
60.900	37.362637
61.246	37.851038
61.592	37.362637
61.938	37.362637
62.284	37.362637
62.630	37.851038
62.976	37.362637
63.322	36.385836
63.668	36.874237
64.014	36.385836
64.360	36.385836
64.706	35.409035
65.052	35.409035
65.398	36.385836
65.744	35.409035
66.090	35.897436
66.436	35.897436
66.782	35.897436
67.128	35.409035
67.474	34.432234
67.820	35.897436
68.166	34.432234
68.512	34.432234
68.858	34.432234
69.204	33.455433
69.550	34.432234
69.896	32.478632
70.242	32.967033
70.588	34.432234
70.934	33.943834
71.280	33.943834
71.626	34.432234
71.972	33.455433
72.318	34.920635
72.664	33.943834
73.010	32.967033
73.356	33.455433
73.702	33.943834
74.048	33.943834
74.394	33.455433
74.740	33.455433
75.087	32.478632
75.433	33.455433
75.779	32.967033
76.125	32.967033
76.471	31.501832
76.817	33.943834
77.163	32.967033
77.509	33.455433
77.855	31.501832
78.201	32.478632
78.547	31.501832
78.893	31.990232
79.239	31.990232
79.585	31.501832
79.931	31.990232
80.277	31.501832
80.623	33.455433
80.969	31.501832
81.315	31.501832
81.661	31.990232
82.007	31.990232
82.353	31.501832
82.699	31.501832
83.045	30.525031
83.391	31.501832
83.737	31.013431
84.083	31.501832
84.429	30.036630
84.775	31.990232
85.121	31.501832
85.467	31.501832
85.813	31.501832
86.159	31.501832
86.505	31.501832
86.851	29.548230
87.197	29.548230
87.543	31.013431
87.889	29.548230
88.235	29.548230
88.581	31.501832
88.927	29.548230
89.273	29.548230
89.619	29.548230
89.965	29.548230
90.311	30.036630
90.657	30.525031
91.003	29.548230
91.349	27.594628
91.696	29.548230
92.042	28.571429
92.388	28.571429
92.734	29.548230
93.080	29.548230
93.426	29.548230
93.772	28.571429
94.118	29.059829
94.464	28.571429
94.810	28.571429
95.156	29.548230
95.502	28.083028
95.848	28.571429
96.194	29.548230
96.540	28.083028
96.886	30.036630
97.232	28.571429
97.578	26.617827
97.924	27.594628
98.270	28.571429
98.616	28.083028
98.962	28.083028
99.308	28.571429
99.654	27.594628
0.000	287.22659
0.346	288.00427
0.692	287.84873
1.038	287.84873
1.384	287.38213
1.730	287.22659
2.076	287.38213
2.422	286.44891
2.768	287.07105
3.114	286.60445
3.460	286.29337
3.806	286.44891
4.152	286.75998
4.498	286.13784
4.844	285.82677
5.190	285.98230
5.536	285.51569
5.882	285.67123
6.228	285.67123
6.574	284.89355
6.920	285.36016
7.266	284.89355
7.612	284.89355
7.958	285.20462
8.304	284.27141
8.651	284.73801
8.997	284.11587
9.343	284.42694
9.689	283.96033
10.035	283.49373
10.381	283.80480
10.727	283.18265
11.073	283.49373
11.419	283.64926
11.765	282.87158
12.111	283.18265
12.457	282.71605
12.803	282.71605
13.149	282.40497
13.495	281.93837
13.841	282.40497
14.187	281.93837
14.533	281.93837
14.879	282.24944
15.225	281.16068
15.571	281.62729
15.917	281.00515
16.263	280.84961
16.609	281.31622
16.955	280.84961
17.301	281.16068
17.647	280.22747
17.993	280.38300
18.339	280.22747
18.685	279.76086
19.031	280.07193
19.377	280.07193
19.723	279.13872
20.069	279.44979
20.415	278.67211
20.761	279.29425
21.107	278.82764
21.453	278.82764
21.799	278.51657
22.145	278.82764
22.491	278.51657
22.837	277.89443
23.183	277.58336
23.529	277.89443
23.875	277.42782
24.221	277.58336
24.567	277.27228
24.913	277.27228
25.260	277.27228
25.606	276.96121
25.952	276.49460
26.298	276.33907
26.644	276.18353
26.990	276.18353
27.336	276.02800
27.682	275.71692
28.028	275.71692
28.374	275.40585
28.720	275.56139
29.066	275.25032
29.412	274.93924
29.758	274.78371
30.104	274.78371
30.450	274.78371
30.796	274.78371
31.142	274.16156
31.488	274.00603
31.834	274.31710
32.180	274.00603
32.526	274.16156
32.872	273.85049
33.218	273.53942
33.564	273.38388
33.910	273.38388
34.256	272.91728
34.602	273.22835
34.948	273.22835
35.294	272.45067
35.640	272.45067
35.986	272.29513
36.332	272.29513
36.678	272.13960
37.024	272.29513
37.370	271.82852
37.716	271.98406
38.062	271.82852
38.408	271.20638
38.754	271.05084
39.100	271.51745
39.446	271.20638
39.792	271.05084
40.138	271.20638
40.484	271.05084
40.830	270.11763
41.176	270.42870
41.522	270.27316
41.869	270.42870
42.215	270.27316
42.561	270.58424
42.907	269.33995
43.253	269.49548
43.599	269.80656
43.945	269.33995
44.291	269.33995
44.637	269.65102
44.983	269.02888
45.329	268.87334
45.675	269.02888
46.021	268.56227
46.367	268.56227
46.713	268.87334
47.059	268.09566
47.405	268.09566
47.751	268.25120
48.097	267.94012
48.443	267.31798
48.789	268.09566
49.135	267.62905
49.481	267.78459
49.827	267.94012
50.173	267.31798
50.519	267.31798
50.865	267.47352
51.211	266.69584
51.557	266.85137
51.903	267.00691
52.249	267.00691
52.595	266.38476
52.941	266.85137
53.287	266.54030
53.633	266.07369
53.979	266.38476
54.325	266.38476
54.671	266.07369
55.017	266.07369
55.363	265.76262
55.709	265.45155
56.055	265.76262
56.401	265.45155
56.747	265.45155
57.093	265.45155
57.439	265.14047
57.785	264.82940
58.131	264.82940
58.478	264.20726
58.824	263.89619
59.170	264.20726
59.516	264.51833
59.862	263.27404
60.208	263.89619
60.554	263.58511
60.900	263.89619
61.246	264.05172
61.592	262.96297
61.938	263.58511
62.284	263.27404
62.630	263.74065
62.976	263.27404
63.322	262.96297
63.668	262.96297
64.014	262.80743
64.360	263.27404
64.706	263.11851
65.052	262.96297
65.398	262.49636
65.744	262.34083
66.090	262.65190
66.436	262.34083
66.782	262.18529
67.128	261.87422
67.474	262.02975
67.820	262.02975
68.166	261.87422
68.512	261.71868
68.858	261.40761
69.204	261.56315
69.550	261.25207
69.896	261.71868
70.242	261.40761
70.588	260.94100
70.934	261.09654
71.280	260.94100
71.626	260.47439
71.972	260.78547
72.318	260.62993
72.664	261.09654
73.010	260.47439
73.356	260.62993
73.702	260.31886
74.048	260.16332
74.394	260.31886
74.740	260.31886
75.087	260.16332
75.433	260.00779
75.779	260.00779
76.125	260.16332
76.471	259.54118
76.817	259.69671
77.163	259.69671
77.509	259.23011
77.855	259.85225
78.201	259.23011
78.547	259.69671
78.893	259.07457
79.239	259.23011
79.585	259.38564
79.931	259.23011
80.277	259.07457
80.623	258.76350
80.969	258.14135
81.315	258.91903
81.661	258.76350
82.007	258.91903
82.353	258.45243
82.699	258.29689
83.045	258.29689
83.391	257.98582
83.737	257.98582
84.083	258.14135
84.429	257.98582
84.775	257.67475
85.121	257.83028
85.467	257.98582
85.813	257.67475
86.159	257.67475
86.505	257.36367
86.851	257.51921
87.197	257.67475
87.543	257.05260
87.889	257.36367
88.235	257.36367
88.581	256.89707
88.927	257.36367
89.273	257.20814
89.619	256.58599
89.965	256.89707
90.311	256.74153
90.657	255.96385
91.003	256.43046
91.349	256.74153
91.696	256.27492
92.042	256.43046
92.388	256.58599
92.734	256.27492
93.080	255.80831
93.426	256.11939
93.772	256.27492
94.118	255.80831
94.464	255.96385
94.810	255.65278
95.156	255.65278
95.502	255.96385
95.848	256.11939
96.194	255.49724
96.540	255.65278
96.886	255.80831
97.232	255.49724
97.578	255.49724
97.924	255.49724
98.270	254.71956
98.616	254.87510
98.962	255.18617
99.308	254.87510
99.654	254.40849
"EOF"
