0.000	203.07871	
34.602	202.92729
69.204	202.01871
103.806	201.41300
138.408	200.50443
173.010	200.05014
207.612	199.59586
242.215	199.14157
276.817	198.68729
311.419	198.23300
346.021	197.93014
380.623	197.77871
415.225	197.02157
449.827	196.56729
484.429	196.26443
519.031	195.96157
553.633	195.96157
588.235	195.65871
622.837	195.20443
657.439	194.90157
692.042	194.14443
726.644	193.84157
761.246	193.08443
795.848	192.63014
830.450	192.32729
865.052	192.32729
899.654	191.87300
934.256	191.87300
968.858	191.41871
1003.460	190.81300
1038.062	191.41871
1072.664	191.11586
1107.266	191.41871
1141.869	191.11586
1176.471	191.11586
1211.073	191.26729
1245.675	191.26729
1280.277	191.41871
1314.879	191.11586
1349.481	189.90443
1384.083	188.69300
1418.685	187.93586
1453.287	187.17871
1487.889	186.72443
1522.491	186.27014
1557.093	185.51300
1591.696	185.05871
1626.298	184.60443
1660.900	183.84729
1695.502	183.54443
1730.104	182.93871
1764.706	182.78729
1799.308	182.48443
1833.910	182.18157
1868.512	181.57586
1903.114	181.42443
1937.716	180.81871
1972.318	180.51586
2006.920	180.21300
2041.522	180.06157
2076.125	180.06157
2110.727	179.45586
2145.329	179.45586
2179.931	179.00157
2214.533	178.39586
2249.135	177.94157
2283.737	177.48729
2318.339	177.48729
2352.941	176.88157
2387.543	176.57871
2422.145	175.82157
2456.747	175.67014
2491.349	175.21586
2525.952	174.76157
2560.554	174.30729
2595.156	174.00443
2629.758	173.39871
2664.360	173.39871
2698.962	172.94443
2733.564	172.79300
2768.166	172.64157
2802.768	172.18729
2837.370	171.73300
2871.972	171.43014
2906.574	171.73300
2941.176	171.58157
2975.779	171.58157
3010.381	171.58157
3044.983	171.43014
3079.585	171.12729
3114.187	171.43014
3148.789	171.73300
3183.391	170.97586
3217.993	170.21871
3252.595	169.15871
3287.197	168.40157
3321.799	168.09871
3356.401	168.40157
3391.003	168.25014
3425.606	168.25014
3460.208	168.09871
3494.810	168.09871
3529.412	168.40157
3564.014	168.25014
3598.616	168.09871
3633.218	167.34157
3667.820	166.43300
3702.422	165.97871
3737.024	165.67586
3771.626	165.82729
3806.228	165.67586
3840.830	165.82729
3875.433	165.82729
3910.035	165.37300
3944.637	165.07014
3979.239	164.01014
4013.841	163.25300
4048.443	162.64729
4083.045	162.64729
4117.647	162.34443
4152.249	161.89014
4186.851	161.43586
4221.453	161.28443
4256.055	160.83014
4290.657	160.37586
4325.260	159.77014
4359.862	159.46729
4394.464	159.01300
4429.066	158.71014
4463.668	158.40729
4498.270	158.25586
4532.872	157.80157
4567.474	157.34729
4602.076	157.34729
4636.678	156.89300
4671.280	156.74157
4705.882	156.59014
4740.484	156.28729
4775.087	156.28729
4809.689	156.13586
4844.291	156.28729
4878.893	156.43871
4913.495	156.43871
4948.097	156.43871
4982.699	156.59014
5017.301	156.43871
5051.903	156.28729
5086.505	155.68157
5121.107	154.77300
5155.709	154.16729
5190.311	153.56157
5224.913	153.56157
5259.516	153.10729
5294.118	152.80443
5328.720	152.65300
5363.322	152.04729
5397.924	152.04729
5432.526	151.59300
5467.128	151.29014
5501.730	151.13871
5536.332	150.53300
5570.934	150.38157
5605.536	150.07871
5640.138	149.92729
5674.740	149.62443
5709.343	149.17014
5743.945	149.01871
5778.547	148.71586
5813.149	148.71586
5847.751	148.56443
5882.353	148.56443
5916.955	148.56443
5951.557	148.71586
5986.159	148.56443
6020.761	148.86729
6055.363	148.56443
6089.965	148.56443
6124.567	148.71586
6159.170	148.41300
6193.772	147.80729
6228.374	146.74729
6262.976	146.29300
6297.578	146.29300
6332.180	146.14157
6366.782	146.29300
6401.384	146.29300
6435.986	146.29300
6470.588	146.14157
6505.190	145.83871
6539.792	144.77871
6574.394	143.87014
6608.997	143.26443
6643.599	143.26443
6678.201	142.96157
6712.803	142.96157
6747.405	142.05300
6782.007	141.75014
6816.609	141.14443
6851.211	140.69014
6885.813	140.23586
6920.415	139.47871
6955.017	138.72157
6989.619	139.02443
7024.221	139.02443
7058.824	139.02443
7093.426	139.17586
7128.028	139.02443
7162.630	138.87300
7197.232	139.02443
7231.834	139.02443
7266.436	139.02443
7301.038	139.02443
7335.640	139.17586
7370.242	139.02443
7404.844	139.02443
7439.446	139.17586
7474.048	139.17586
7508.651	139.17586
7543.253	138.41871
7577.855	137.96443
7612.457	137.35871
7647.059	137.35871
7681.661	137.35871
7716.263	137.20729
7750.865	137.05586
7785.467	137.20729
7820.069	137.20729
7854.671	137.05586
7889.273	136.60157
7923.875	135.84443
7958.478	135.08729
7993.080	134.63300
8027.682	134.33014
8062.284	134.17871
8096.886	133.87586
8131.488	133.72443
8166.090	133.42157
8200.692	132.96729
8235.294	132.96729
8269.896	132.81586
8304.498	132.66443
8339.100	132.81586
8373.702	132.66443
8408.304	132.96729
8442.907	132.81586
8477.509	132.51300
8512.111	131.45300
8546.713	130.84729
8581.315	130.54443
8615.917	130.39300
8650.519	130.54443
8685.121	130.54443
8719.723	130.69586
8754.325	130.69586
8788.927	130.39300
8823.529	130.09014
8858.131	129.03014
8892.734	128.57586
8927.336	128.27300
8961.938	127.97014
8996.540	127.51586
9031.142	126.75871
9065.744	127.36443
9100.346	127.51586
9134.948	127.66729
9169.550	127.51586
9204.152	127.51586
9238.754	127.36443
9273.356	126.75871
9307.958	125.69871
9342.561	125.24443
9377.163	124.94157
9411.765	124.48729
9446.367	124.94157
9480.969	124.94157
9515.571	125.09300
9550.173	125.09300
9584.775	125.09300
9619.377	124.18443
9653.979	122.97300
9688.581	123.27586
9723.183	123.42729
9757.785	123.27586
9792.388	123.42729
9826.990	123.12443
9861.592	123.27586
9896.194	123.42729
9930.796	122.51871
9965.398	121.91300
0.000	120.87912
34.602	121.36752
69.204	120.87912
103.806	121.85592
138.408	123.32112
173.010	123.80952
207.612	122.83272
242.215	122.83272
276.817	123.32112
311.419	123.32112
346.021	121.36752
380.623	124.29792
415.225	124.29792
449.827	125.27473
484.429	125.27473
519.031	125.76313
553.633	127.22833
588.235	125.27473
622.837	125.27473
657.439	125.27473
692.042	127.22833
726.644	127.22833
761.246	126.73993
795.848	127.71673
830.450	127.71673
865.052	127.71673
899.654	128.20513
934.256	127.22833
968.858	127.71673
1003.460	127.71673
1038.062	126.25153
1072.664	127.22833
1107.266	127.71673
1141.869	127.22833
1176.471	127.71673
1211.073	127.22833
1245.675	127.22833
1280.277	126.73993
1314.879	127.71673
1349.481	129.18193
1384.083	131.13553
1418.685	130.15873
1453.287	132.11233
1487.889	132.60073
1522.491	133.08913
1557.093	132.11233
1591.696	132.60073
1626.298	133.08913
1660.900	134.06593
1695.502	133.57753
1730.104	134.55433
1764.706	134.06593
1799.308	134.55433
1833.910	134.06593
1868.512	136.01954
1903.114	134.06593
1937.716	134.55433
1972.318	138.94994
2006.920	136.99634
2041.522	135.53114
2076.125	136.99634
2110.727	136.50794
2145.329	136.01954
2179.931	137.48474
2214.533	138.46154
2249.135	138.94994
2283.737	139.43834
2318.339	138.94994
2352.941	140.41514
2387.543	138.94994
2422.145	139.92674
2456.747	140.90354
2491.349	141.39194
2525.952	140.90354
2560.554	142.85714
2595.156	141.88034
2629.758	141.88034
2664.360	142.36874
2698.962	142.85714
2733.564	142.85714
2768.166	142.85714
2802.768	142.85714
2837.370	141.88034
2871.972	143.83394
2906.574	143.34554
2941.176	143.83394
2975.779	142.36874
3010.381	142.85714
3044.983	141.88034
3079.585	142.85714
3114.187	143.34554
3148.789	142.36874
3183.391	143.83394
3217.993	145.29915
3252.595	146.27595
3287.197	144.81074
3321.799	146.76435
3356.401	145.78755
3391.003	145.29915
3425.606	145.29915
3460.208	146.76435
3494.810	145.29915
3529.412	145.78755
3564.014	145.78755
3598.616	145.29915
3633.218	147.74115
3667.820	146.76435
3702.422	146.27595
3737.024	148.22955
3771.626	148.71795
3806.228	147.74115
3840.830	146.27595
3875.433	146.27595
3910.035	148.71795
3944.637	150.67155
3979.239	151.15995
4013.841	152.62515
4048.443	151.15995
4083.045	151.15995
4117.647	152.13675
4152.249	152.62515
4186.851	152.62515
4221.453	154.57875
4256.055	152.62515
4290.657	154.09035
4325.260	154.57875
4359.862	154.09035
4394.464	156.04396
4429.066	156.53236
4463.668	155.06716
4498.270	156.04396
4532.872	155.55556
4567.474	156.53236
4602.076	157.50916
4636.678	157.99756
4671.280	157.50916
4705.882	158.48596
4740.484	157.02076
4775.087	157.02076
4809.689	157.99756
4844.291	158.48596
4878.893	158.48596
4913.495	157.50916
4948.097	158.48596
4982.699	157.02076
5017.301	157.02076
5051.903	157.02076
5086.505	158.97436
5121.107	159.46276
5155.709	160.43956
5190.311	159.95116
5224.913	159.95116
5259.516	160.43956
5294.118	161.90476
5328.720	161.41636
5363.322	162.39316
5397.924	162.39316
5432.526	162.39316
5467.128	162.88156
5501.730	163.36996
5536.332	163.85836
5570.934	163.85836
5605.536	164.34676
5640.138	166.30037
5674.740	166.30037
5709.343	166.30037
5743.945	165.81197
5778.547	165.81197
5813.149	164.83516
5847.751	164.83516
5882.353	166.30037
5916.955	165.81197
5951.557	164.83516
5986.159	164.83516
6020.761	164.83516
6055.363	162.39316
6089.965	164.34676
6124.567	166.30037
6159.170	166.78877
6193.772	168.25397
6228.374	167.76557
6262.976	167.27717
6297.578	170.20757
6332.180	168.74237
6366.782	168.25397
6401.384	167.27717
6435.986	166.30037
6470.588	168.74237
6505.190	170.69597
6539.792	170.69597
6574.394	174.11477
6608.997	172.64957
6643.599	171.67277
6678.201	173.13797
6712.803	174.60317
6747.405	173.62637
6782.007	174.60317
6816.609	175.57998
6851.211	176.06838
6885.813	177.53358
6920.415	177.53358
6955.017	178.02198
6989.619	177.53358
7024.221	177.04518
7058.824	178.02198
7093.426	177.04518
7128.028	176.55678
7162.630	177.53358
7197.232	178.02198
7231.834	176.06838
7266.436	176.06838
7301.038	176.55678
7335.640	178.02198
7370.242	178.02198
7404.844	177.53358
7439.446	178.02198
7474.048	176.06838
7508.651	176.55678
7543.253	178.02198
7577.855	179.48718
7612.457	179.48718
7647.059	178.99878
7681.661	178.51038
7716.263	178.02198
7750.865	178.51038
7785.467	178.99878
7820.069	178.99878
7854.671	179.97558
7889.273	181.92918
7923.875	182.41758
7958.478	182.41758
7993.080	183.39438
8027.682	183.88278
8062.284	184.37118
8096.886	183.88278
8131.488	182.90598
8166.090	185.83639
8200.692	186.32479
8235.294	185.34799
8269.896	185.83639
8304.498	186.32479
8339.100	185.83639
8373.702	184.85958
8408.304	185.83639
8442.907	185.83639
8477.509	187.30159
8512.111	188.76679
8546.713	188.76679
8581.315	189.25519
8615.917	189.25519
8650.519	188.76679
8685.121	188.27839
8719.723	187.78999
8754.325	188.27839
8788.927	188.76679
8823.529	191.20879
8858.131	192.67399
8892.734	193.65079
8927.336	192.67399
8961.938	193.16239
8996.540	193.65079
9031.142	193.65079
9065.744	194.13919
9100.346	192.18559
9134.948	191.20879
9169.550	192.67399
9204.152	193.65079
9238.754	194.62759
9273.356	197.55800
9307.958	197.06960
9342.561	196.58120
9377.163	197.55800
9411.765	197.55800
9446.367	197.55800
9480.969	197.55800
9515.571	196.09280
9550.173	197.55800
9584.775	198.53480
9619.377	199.51160
9653.979	201.46520
9688.581	199.51160
9723.183	199.51160
9757.785	198.04640
9792.388	201.46520
9826.990	199.51160
9861.592	199.02320
9896.194	200.48840
9930.796	201.95360
9965.398	202.44200
0.000	304.64662
34.602	304.95770
69.204	304.64662
103.806	304.80216
138.408	304.18002
173.010	304.18002
207.612	304.64662
242.215	304.18002
276.817	304.02448
311.419	303.71341
346.021	303.40234
380.623	303.71341
415.225	303.55787
449.827	303.40234
484.429	303.55787
519.031	303.24680
553.633	303.40234
588.235	302.31358
622.837	302.78019
657.439	302.46912
692.042	302.46912
726.644	302.78019
761.246	302.93573
795.848	302.93573
830.450	302.31358
865.052	302.46912
899.654	301.84698
934.256	302.00251
968.858	302.15805
1003.460	301.53590
1038.062	301.38037
1072.664	301.06930
1107.266	301.38037
1141.869	300.29162
1176.471	300.60269
1211.073	299.98054
1245.675	299.82501
1280.277	299.66947
1314.879	300.29162
1349.481	300.29162
1384.083	301.06930
1418.685	301.38037
1453.287	301.69144
1487.889	300.91376
1522.491	301.38037
1557.093	302.15805
1591.696	301.38037
1626.298	302.15805
1660.900	301.69144
1695.502	302.15805
1730.104	301.69144
1764.706	301.53590
1799.308	302.15805
1833.910	301.53590
1868.512	301.84698
1903.114	302.15805
1937.716	302.00251
1972.318	302.31358
2006.920	302.31358
2041.522	301.69144
2076.125	301.84698
2110.727	301.53590
2145.329	301.53590
2179.931	301.69144
2214.533	302.15805
2249.135	301.69144
2283.737	301.53590
2318.339	301.53590
2352.941	301.53590
2387.543	302.15805
2422.145	302.15805
2456.747	302.46912
2491.349	302.31358
2525.952	301.69144
2560.554	302.31358
2595.156	302.46912
2629.758	302.15805
2664.360	302.46912
2698.962	302.31358
2733.564	301.84698
2768.166	302.15805
2802.768	301.84698
2837.370	302.15805
2871.972	302.15805
2906.574	302.15805
2941.176	302.15805
2975.779	300.91376
3010.381	301.22483
3044.983	301.53590
3079.585	300.91376
3114.187	300.44715
3148.789	300.13608
3183.391	300.60269
3217.993	300.44715
3252.595	301.22483
3287.197	302.15805
3321.799	301.53590
3356.401	300.60269
3391.003	300.60269
3425.606	300.91376
3460.208	300.60269
3494.810	300.60269
3529.412	300.29162
3564.014	299.82501
3598.616	299.98054
3633.218	300.60269
3667.820	300.91376
3702.422	300.91376
3737.024	301.22483
3771.626	300.44715
3806.228	299.98054
3840.830	300.13608
3875.433	300.29162
3910.035	300.13608
3944.637	300.60269
3979.239	300.91376
4013.841	301.38037
4048.443	300.91376
4083.045	301.06930
4117.647	301.22483
4152.249	301.22483
4186.851	301.38037
4221.453	301.53590
4256.055	301.53590
4290.657	301.69144
4325.260	302.15805
4359.862	302.15805
4394.464	302.15805
4429.066	302.15805
4463.668	301.53590
4498.270	301.69144
4532.872	302.00251
4567.474	302.00251
4602.076	302.15805
4636.678	302.31358
4671.280	301.53590
4705.882	302.15805
4740.484	301.69144
4775.087	302.15805
4809.689	302.15805
4844.291	301.06930
4878.893	301.38037
4913.495	301.06930
4948.097	300.75822
4982.699	300.91376
5017.301	301.06930
5051.903	300.91376
5086.505	300.91376
5121.107	301.22483
5155.709	301.22483
5190.311	301.06930
5224.913	301.38037
5259.516	301.22483
5294.118	301.06930
5328.720	301.69144
5363.322	301.84698
5397.924	301.53590
5432.526	302.15805
5467.128	302.00251
5501.730	302.31358
5536.332	301.69144
5570.934	301.69144
5605.536	301.38037
5640.138	301.53590
5674.740	302.00251
5709.343	302.00251
5743.945	301.84698
5778.547	301.53590
5813.149	301.53590
5847.751	301.22483
5882.353	300.91376
5916.955	301.38037
5951.557	301.22483
5986.159	300.91376
6020.761	300.44715
6055.363	300.29162
6089.965	300.29162
6124.567	300.44715
6159.170	300.29162
6193.772	301.06930
6228.374	300.91376
6262.976	301.22483
6297.578	301.06930
6332.180	301.06930
6366.782	300.44715
6401.384	300.44715
6435.986	300.13608
6470.588	300.91376
6505.190	301.06930
6539.792	301.53590
6574.394	302.15805
6608.997	301.53590
6643.599	301.38037
6678.201	302.15805
6712.803	302.46912
6747.405	302.46912
6782.007	302.93573
6816.609	302.31358
6851.211	302.62466
6885.813	302.93573
6920.415	303.40234
6955.017	303.40234
6989.619	302.93573
7024.221	302.62466
7058.824	302.46912
7093.426	302.93573
7128.028	302.46912
7162.630	302.15805
7197.232	302.15805
7231.834	301.69144
7266.436	301.53590
7301.038	301.53590
7335.640	301.53590
7370.242	301.22483
7404.844	301.22483
7439.446	300.60269
7474.048	300.60269
7508.651	300.29162
7543.253	301.06930
7577.855	301.69144
7612.457	300.75822
7647.059	301.06930
7681.661	301.06930
7716.263	300.91376
7750.865	301.06930
7785.467	300.60269
7820.069	300.13608
7854.671	300.13608
7889.273	301.06930
7923.875	301.38037
7958.478	301.22483
7993.080	301.38037
8027.682	302.15805
8062.284	301.06930
8096.886	301.22483
8131.488	301.53590
8166.090	301.69144
8200.692	302.00251
8235.294	300.91376
8269.896	301.53590
8304.498	301.22483
8339.100	301.06930
8373.702	301.53590
8408.304	301.38037
8442.907	300.91376
8477.509	302.15805
8512.111	301.69144
8546.713	301.38037
8581.315	302.31358
8615.917	302.15805
8650.519	301.53590
8685.121	301.38037
8719.723	301.38037
8754.325	301.22483
8788.927	301.53590
8823.529	302.15805
8858.131	302.62466
8892.734	302.31358
8927.336	302.31358
8961.938	303.40234
8996.540	303.09126
9031.142	302.78019
9065.744	302.93573
9100.346	302.15805
9134.948	302.15805
9169.550	302.31358
9204.152	301.84698
9238.754	301.38037
9273.356	302.46912
9307.958	302.93573
9342.561	302.78019
9377.163	303.09126
9411.765	303.09126
9446.367	302.93573
9480.969	302.15805
9515.571	301.69144
9550.173	301.84698
9584.775	302.00251
9619.377	302.93573
9653.979	302.93573
9688.581	302.46912
9723.183	302.62466
9757.785	302.15805
9792.388	302.46912
9826.990	302.15805
9861.592	301.69144
9896.194	301.69144
9930.796	302.78019
9965.398	302.78019
"EOF"
