0.000	109.64729
34.602	109.79871
69.204	109.64729
103.806	110.40443
138.408	110.40443
173.010	110.70729
207.612	111.01014
242.215	111.16157
276.817	111.46443
311.419	111.61586
346.021	111.76729
380.623	111.91871
415.225	112.07014
449.827	112.67586
484.429	113.28157
519.031	113.58443
553.633	113.58443
588.235	113.88729
622.837	114.19014
657.439	114.19014
692.042	114.34157
726.644	114.79586
761.246	115.09871
795.848	115.09871
830.450	115.25014
865.052	115.70443
899.654	115.85586
934.256	116.15871
968.858	116.46157
1003.460	116.76443
1038.062	116.91586
1072.664	117.37014
1107.266	117.67300
1141.869	117.82443
1176.471	118.12729
1211.073	118.43014
1245.675	118.73300
1280.277	118.73300
1314.879	119.64157
1349.481	119.79300
1384.083	120.39871
1418.685	120.70157
1453.287	120.85300
1487.889	120.39871
1522.491	121.45871
1557.093	121.61014
1591.696	122.21586
1626.298	122.21586
1660.900	122.36729
1695.502	122.51871
1730.104	122.67014
1764.706	122.97300
1799.308	123.12443
1833.910	123.57871
1868.512	123.88157
1903.114	124.18443
1937.716	124.48729
1972.318	124.94157
2006.920	124.79014
2041.522	125.09300
2076.125	125.39586
2110.727	125.54729
2145.329	125.69871
2179.931	126.00157
2214.533	126.30443
2249.135	126.60729
2283.737	126.91014
2318.339	127.21300
2352.941	127.21300
2387.543	127.66729
2422.145	127.81871
2456.747	128.27300
2491.349	128.72729
2525.952	128.87871
2560.554	129.33300
2595.156	129.48443
2629.758	129.78729
2664.360	129.93871
2698.962	130.39300
2733.564	130.84729
2768.166	131.15014
2802.768	131.30157
2837.370	131.90729
2871.972	132.36157
2906.574	132.51300
2941.176	132.81586
2975.779	132.96729
3010.381	133.11871
3044.983	133.57300
3079.585	133.72443
3114.187	133.87586
3148.789	134.33014
3183.391	134.78443
3217.993	134.78443
3252.595	134.78443
3287.197	135.39014
3321.799	134.93586
3356.401	135.69300
3391.003	135.84443
3425.606	135.99586
3460.208	136.29871
3494.810	136.60157
3529.412	136.60157
3564.014	136.90443
3598.616	137.05586
3633.218	137.51014
3667.820	137.81300
3702.422	137.81300
3737.024	138.11586
3771.626	138.41871
3806.228	138.72157
3840.830	139.02443
3875.433	139.02443
3910.035	139.78157
3944.637	139.78157
3979.239	140.23586
4013.841	140.38729
4048.443	140.69014
4083.045	140.69014
4117.647	140.69014
4152.249	140.69014
4186.851	140.84157
4221.453	141.14443
4256.055	141.90157
4290.657	141.44729
4325.260	141.90157
4359.862	142.05300
4394.464	142.05300
4429.066	142.65871
4463.668	142.65871
4498.270	143.11300
4532.872	143.41586
4567.474	143.71871
4602.076	144.02157
4636.678	144.77871
4671.280	144.93014
4705.882	145.38443
4740.484	145.83871
4775.087	145.99014
4809.689	146.44443
4844.291	146.74729
4878.893	146.89871
4913.495	147.20157
4948.097	147.50443
4982.699	147.65586
5017.301	147.80729
5051.903	147.65586
5086.505	147.80729
5121.107	147.80729
5155.709	147.80729
5190.311	148.56443
5224.913	149.01871
5259.516	149.32157
0.000	82.295482
34.602	82.295482
69.204	82.295482
103.806	81.318681
138.408	81.807082
173.010	81.318681
207.612	80.830281
242.215	80.341880
276.817	80.341880
311.419	80.341880
346.021	79.365079
380.623	79.365079
415.225	78.388278
449.827	77.899878
484.429	80.341880
519.031	78.388278
553.633	77.899878
588.235	77.899878
622.837	77.411477
657.439	77.899878
692.042	77.411477
726.644	76.923077
761.246	76.923077
795.848	76.923077
830.450	75.946276
865.052	75.946276
899.654	75.946276
934.256	76.923077
968.858	76.434676
1003.460	76.434676
1038.062	77.411477
1072.664	76.923077
1107.266	74.969475
1141.869	75.946276
1176.471	76.434676
1211.073	73.992674
1245.675	76.434676
1280.277	74.969475
1314.879	73.992674
1349.481	74.481074
1384.083	73.992674
1418.685	73.992674
1453.287	73.015873
1487.889	73.992674
1522.491	73.015873
1557.093	72.527473
1591.696	72.527473
1626.298	72.527473
1660.900	72.039072
1695.502	73.015873
1730.104	71.550672
1764.706	71.550672
1799.308	71.550672
1833.910	72.527473
1868.512	71.062271
1903.114	70.573871
1937.716	72.527473
1972.318	72.039072
2006.920	72.527473
2041.522	70.085470
2076.125	70.085470
2110.727	70.573871
2145.329	69.597070
2179.931	71.062271
2214.533	72.527473
2249.135	70.085470
2283.737	69.597070
2318.339	69.597070
2352.941	69.597070
2387.543	70.085470
2422.145	69.597070
2456.747	68.620269
2491.349	69.108669
2525.952	68.620269
2560.554	68.131868
2595.156	68.620269
2629.758	68.620269
2664.360	68.620269
2698.962	66.666667
2733.564	67.155067
2768.166	66.178266
2802.768	65.689866
2837.370	66.178266
2871.972	66.666667
2906.574	66.178266
2941.176	65.689866
2975.779	65.201465
3010.381	65.689866
3044.983	65.689866
3079.585	66.666667
3114.187	65.201465
3148.789	65.689866
3183.391	66.178266
3217.993	65.201465
3252.595	66.666667
3287.197	65.689866
3321.799	65.689866
3356.401	65.689866
3391.003	64.713065
3425.606	63.247863
3460.208	65.201465
3494.810	63.736264
3529.412	63.736264
3564.014	64.713065
3598.616	64.224664
3633.218	63.736264
3667.820	64.224664
3702.422	63.247863
3737.024	63.247863
3771.626	65.689866
3806.228	64.713065
3840.830	62.759463
3875.433	62.759463
3910.035	63.247863
3944.637	61.782662
3979.239	63.247863
4013.841	63.247863
4048.443	63.247863
4083.045	64.713065
4117.647	64.713065
4152.249	63.247863
4186.851	61.782662
4221.453	63.736264
4256.055	62.271062
4290.657	61.782662
4325.260	62.271062
4359.862	62.759463
4394.464	60.805861
4429.066	61.294261
4463.668	60.805861
4498.270	61.294261
4532.872	61.294261
4567.474	60.317460
4602.076	60.805861
4636.678	61.294261
4671.280	61.294261
4705.882	60.805861
4740.484	60.317460
4775.087	59.340659
4809.689	60.805861
4844.291	58.852259
4878.893	60.805861
4913.495	58.852259
4948.097	61.294261
4982.699	59.829060
5017.301	60.805861
5051.903	59.340659
5086.505	60.805861
5121.107	59.829060
5155.709	60.805861
5190.311	58.363858
5224.913	58.852259
5259.516	57.875458
0.000	284.58248
34.602	283.96033
69.204	284.11587
103.806	284.42694
138.408	284.73801
173.010	284.27141
207.612	284.73801
242.215	284.27141
276.817	284.11587
311.419	284.42694
346.021	284.42694
380.623	284.58248
415.225	284.42694
449.827	284.27141
484.429	284.11587
519.031	284.73801
553.633	284.73801
588.235	284.42694
622.837	284.73801
657.439	284.58248
692.042	284.73801
726.644	284.73801
761.246	284.89355
795.848	284.73801
830.450	284.89355
865.052	285.04909
899.654	285.20462
934.256	285.51569
968.858	284.73801
1003.460	285.36016
1038.062	285.67123
1072.664	285.20462
1107.266	285.20462
1141.869	285.36016
1176.471	285.51569
1211.073	285.04909
1245.675	285.67123
1280.277	285.36016
1314.879	285.20462
1349.481	285.67123
1384.083	285.04909
1418.685	285.36016
1453.287	285.51569
1487.889	285.51569
1522.491	285.36016
1557.093	284.89355
1591.696	285.51569
1626.298	285.36016
1660.900	285.36016
1695.502	285.51569
1730.104	285.51569
1764.706	285.20462
1799.308	285.51569
1833.910	285.36016
1868.512	285.20462
1903.114	285.51569
1937.716	285.67123
1972.318	285.98230
2006.920	285.67123
2041.522	285.51569
2076.125	285.98230
2110.727	285.98230
2145.329	285.67123
2179.931	285.51569
2214.533	285.98230
2249.135	285.98230
2283.737	286.29337
2318.339	286.29337
2352.941	286.13784
2387.543	286.44891
2422.145	286.13784
2456.747	285.36016
2491.349	286.13784
2525.952	285.98230
2560.554	285.67123
2595.156	285.98230
2629.758	285.67123
2664.360	285.98230
2698.962	285.98230
2733.564	285.67123
2768.166	285.36016
2802.768	285.51569
2837.370	285.36016
2871.972	285.20462
2906.574	285.20462
2941.176	285.51569
2975.779	285.51569
3010.381	285.98230
3044.983	285.67123
3079.585	285.98230
3114.187	285.98230
3148.789	285.98230
3183.391	285.82677
3217.993	286.13784
3252.595	285.82677
3287.197	285.98230
3321.799	285.98230
3356.401	285.98230
3391.003	286.29337
3425.606	285.82677
3460.208	285.98230
3494.810	286.29337
3529.412	286.13784
3564.014	286.44891
3598.616	286.44891
3633.218	286.44891
3667.820	286.44891
3702.422	286.13784
3737.024	286.13784
3771.626	286.29337
3806.228	286.29337
3840.830	285.82677
3875.433	285.98230
3910.035	286.60445
3944.637	286.13784
3979.239	286.29337
4013.841	286.13784
4048.443	286.29337
4083.045	286.29337
4117.647	286.91552
4152.249	287.22659
4186.851	286.60445
4221.453	286.91552
4256.055	287.22659
4290.657	286.60445
4325.260	287.22659
4359.862	287.22659
4394.464	285.98230
4429.066	286.60445
4463.668	286.91552
4498.270	286.91552
4532.872	287.22659
4567.474	287.22659
4602.076	286.44891
4636.678	286.29337
4671.280	286.75998
4705.882	286.29337
4740.484	286.13784
4775.087	286.44891
4809.689	286.29337
4844.291	286.29337
4878.893	286.44891
4913.495	286.13784
4948.097	286.29337
4982.699	286.44891
5017.301	286.44891
5051.903	286.60445
5086.505	287.07105
5121.107	286.91552
5155.709	287.38213
5190.311	286.60445
5224.913	286.29337
5259.516	286.29337
"EOF"
