"DATA MONITOR"
"NORMAL DATA"
867
3
289,578,867,0,0,0,0
"cal1.vol"
"cm^3"
"Time"
"ms"
:R"Time" "cal1.vol"~cal1.vol~cm^3~press„o~kPa~Temperature~K~
0, 5.309859
0.346, 5.308361
0.692, 5.30611
1.038, 5.304606
1.384, 5.303853
1.73, 5.300837
2.076, 5.299325
2.422, 5.297054
2.768, 5.295536
3.114, 5.293256
3.46, 5.29097
3.806, 5.289444
4.152, 5.287149
4.498, 5.286383
4.844, 5.284082
5.19, 5.282545
5.536, 5.279463
5.882, 5.277146
6.228, 5.274048
6.574, 5.274823
6.92, 5.271718
7.266, 5.269383
7.612, 5.267042
7.958, 5.265478
8.304, 5.262344
8.651, 5.260773
8.997, 5.259199
9.343, 5.256045
9.689, 5.252881
10.035, 5.252881
10.381, 5.250501
10.727, 5.245724
11.073, 5.243327
11.419, 5.240924
11.765, 5.240122
12.111, 5.239319
12.457, 5.233681
12.803, 5.232873
13.149, 5.230445
13.495, 5.226385
13.841, 5.226385
14.187, 5.221492
14.533, 5.219036
14.879, 5.217395
15.225, 5.21493
15.571, 5.214106
15.917, 5.208324
16.263, 5.207495
16.609, 5.204173
16.955, 5.20084
17.301, 5.20084
17.647, 5.197496
17.993, 5.19414
18.339, 5.18993
18.685, 5.189086
19.031, 5.185702
19.377, 5.180605
19.723, 5.1789
20.069, 5.176337
20.415, 5.17291
20.761, 5.172051
21.107, 5.167747
21.453, 5.16429
21.799, 5.162557
22.145, 5.159082
22.491, 5.156467
22.837, 5.152971
23.183, 5.148584
23.529, 5.145942
23.875, 5.143293
24.221, 5.13975
24.567, 5.137974
24.913, 5.135304
25.26, 5.129943
25.606, 5.127251
25.952, 5.125453
26.298, 5.120943
26.644, 5.118227
26.99, 5.115503
27.336, 5.112772
27.682, 5.110034
28.028, 5.106372
28.374, 5.102695
28.72, 5.099006
29.066, 5.095302
29.412, 5.093445
29.758, 5.087854
30.104, 5.086919
30.45, 5.083171
30.796, 5.08035
31.142, 5.077521
31.488, 5.072789
31.834, 5.069939
32.18, 5.065171
32.526, 5.063257
32.872, 5.057494
33.218, 5.055565
33.564, 5.051697
33.91, 5.047814
34.256, 5.043916
34.602, 5.041961
34.948, 5.036073
35.294, 5.034103
35.64, 5.03114
35.986, 5.024193
36.332, 5.022199
36.678, 5.021201
37.024, 5.017197
37.37, 5.013177
37.716, 5.009141
38.062, 5.006103
38.408, 5.002039
38.754, 4.996935
39.1, 4.994886
39.446, 4.991804
39.792, 4.987681
40.138, 4.985613
40.484, 4.980424
40.83, 4.979383
41.176, 4.975208
41.522, 4.971015
41.869, 4.966805
42.215, 4.964693
42.561, 4.959394
42.907, 4.958331
43.253, 4.954067
43.599, 4.948712
43.945, 4.947637
44.291, 4.944406
44.637, 4.940082
44.983, 4.93574
45.329, 4.933561
45.675, 4.92919
46.021, 4.9248
46.367, 4.923699
46.713, 4.919285
47.059, 4.913739
47.405, 4.91485
47.751, 4.910397
48.097, 4.904801
48.443, 4.903678
48.789, 4.899174
49.135, 4.89465
49.481, 4.89465
49.827, 4.890105
50.173, 4.886682
50.519, 4.884394
50.865, 4.880952
51.211, 4.875189
51.557, 4.875189
51.903, 4.870555
52.249, 4.867065
52.595, 4.863562
52.941, 4.862392
53.287, 4.857698
53.633, 4.854163
53.979, 4.850615
54.325, 4.848242
54.671, 4.845865
55.017, 4.841092
55.363, 4.838697
55.709, 4.837497
56.055, 4.836296
56.401, 4.830269
56.747, 4.826635
57.093, 4.824205
57.439, 4.824205
57.785, 4.820549
58.131, 4.81688
58.478, 4.811967
58.824, 4.813197
59.17, 4.810735
59.516, 4.808266
59.862, 4.804551
60.208, 4.799576
60.554, 4.799576
60.9, 4.795829
61.246, 4.794577
61.592, 4.792068
61.938, 4.789552
62.284, 4.785767
62.63, 4.785767
62.976, 4.780698
63.322, 4.779427
63.668, 4.776879
64.014, 4.774325
64.36, 4.771765
64.706, 4.770482
65.052, 4.769198
65.398, 4.765335
65.744, 4.758863
66.09, 4.764044
66.436, 4.76016
66.782, 4.757563
67.128, 4.758863
67.474, 4.752349
67.82, 4.75496
68.166, 4.75496
68.512, 4.747107
68.858, 4.749731
69.204, 4.747107
69.55, 4.744476
69.896, 4.744476
70.242, 4.741838
70.588, 4.743157
70.934, 4.737867
71.28, 4.737867
71.626, 4.735211
71.972, 4.735211
72.318, 4.735211
72.664, 4.731214
73.01, 4.732549
73.356, 4.729879
73.702, 4.727202
74.048, 4.728541
74.394, 4.723172
74.74, 4.724517
75.087, 4.723172
75.433, 4.721826
75.779, 4.721826
76.125, 4.719127
76.471, 4.717775
76.817, 4.719127
77.163, 4.715065
77.509, 4.715065
77.855, 4.715065
78.201, 4.715065
78.547, 4.715065
78.893, 4.712348
79.239, 4.710987
79.585, 4.709624
79.931, 4.712348
80.277, 4.708259
80.623, 4.709624
80.969, 4.708259
81.315, 4.705523
81.661, 4.706892
82.007, 4.705523
82.353, 4.701406
82.699, 4.704152
83.045, 4.701406
83.391, 4.701406
83.737, 4.701406
84.083, 4.700029
84.429, 4.698651
84.775, 4.697271
85.121, 4.698651
85.467, 4.695889
85.813, 4.698651
86.159, 4.695889
86.505, 4.701406
86.851, 4.695889
87.197, 4.697271
87.543, 4.694505
87.889, 4.694505
88.235, 4.695889
88.581, 4.691731
88.927, 4.695889
89.273, 4.694505
89.619, 4.694505
89.965, 4.690342
90.311, 4.693119
90.657, 4.690342
91.003, 4.691731
91.349, 4.693119
91.696, 4.693119
92.042, 4.690342
92.388, 4.691731
92.734, 4.690342
93.08, 4.693119
93.426, 4.693119
93.772, 4.690342
94.118, 4.68895
94.464, 4.68895
94.81, 4.690342
95.156, 4.68895
95.502, 4.691731
95.848, 4.690342
96.194, 4.687557
96.54, 4.68895
96.886, 4.691731
97.232, 4.694505
97.578, 4.68895
97.924, 4.690342
98.27, 4.687557
98.616, 4.690342
98.962, 4.690342
99.308, 4.697271
99.654, 4.687557
0, 4.766101
0.346, 4.761934
0.692, 4.75775
1.038, 4.761934
1.384, 4.766101
1.73, 4.774382
2.076, 4.77025
2.422, 4.778497
2.768, 4.77025
3.114, 4.782596
3.46, 4.790742
3.806, 4.790742
4.152, 4.786677
4.498, 4.790742
4.844, 4.790742
5.19, 4.810823
5.536, 4.806839
5.882, 4.802839
6.228, 4.802839
6.574, 4.806839
6.92, 4.818744
7.266, 4.822681
7.612, 4.818744
7.958, 4.818744
8.304, 4.826603
8.651, 4.830509
8.997, 4.826603
9.343, 4.826603
9.689, 4.845983
10.035, 4.838276
10.381, 4.849815
10.727, 4.857434
11.073, 4.853632
11.419, 4.849815
11.765, 4.864995
12.111, 4.868755
12.457, 4.868755
12.803, 4.8725
13.149, 4.879949
13.495, 4.876231
13.841, 4.883653
14.187, 4.883653
14.533, 4.887343
14.879, 4.891019
15.225, 4.891019
15.571, 4.909201
15.917, 4.905591
16.263, 4.909201
16.609, 4.909201
16.955, 4.912799
17.301, 4.923513
17.647, 4.927059
17.993, 4.923513
18.339, 4.930593
18.685, 4.927059
19.031, 4.941119
19.377, 4.941119
19.723, 4.951536
20.069, 4.948076
20.415, 4.961845
20.761, 4.961845
21.107, 4.968659
21.453, 4.975428
21.799, 4.978795
22.145, 4.975428
22.491, 4.985495
22.837, 4.988828
23.183, 4.988828
23.529, 4.995462
23.875, 4.998762
24.221, 5.002052
24.567, 5.018339
24.913, 5.018339
25.26, 5.021564
25.606, 5.018339
25.952, 5.021564
26.298, 5.034365
26.644, 5.034365
26.99, 5.040704
27.336, 5.047003
27.682, 5.053263
28.028, 5.056378
28.374, 5.053263
28.72, 5.056378
29.066, 5.07181
29.412, 5.07181
29.758, 5.077917
30.104, 5.093023
30.45, 5.083987
30.796, 5.083987
31.142, 5.101979
31.488, 5.104946
31.834, 5.104946
32.18, 5.119652
32.526, 5.110854
32.872, 5.116728
33.218, 5.128373
33.564, 5.128373
33.91, 5.131263
34.256, 5.142741
34.602, 5.14559
34.948, 5.148431
35.294, 5.162516
35.64, 5.159715
35.986, 5.170872
36.332, 5.168095
36.678, 5.176405
37.024, 5.181907
37.37, 5.181907
37.716, 5.195531
38.062, 5.190104
38.408, 5.192821
38.754, 5.211639
39.1, 5.203617
39.446, 5.214298
39.792, 5.224867
40.138, 5.224867
40.484, 5.224867
40.83, 5.237922
41.176, 5.240512
41.522, 5.240512
41.869, 5.255917
42.215, 5.258462
42.561, 5.255917
42.907, 5.268575
43.253, 5.271088
43.599, 5.273594
43.945, 5.281076
44.291, 5.286032
44.637, 5.286032
44.983, 5.290964
45.329, 5.300756
45.675, 5.295872
46.021, 5.305617
46.367, 5.315267
46.713, 5.317665
47.059, 5.324825
47.405, 5.32957
47.751, 5.331934
48.097, 5.336645
48.443, 5.343671
48.789, 5.343671
49.135, 5.350648
49.481, 5.362169
49.827, 5.357576
50.173, 5.36674
50.519, 5.375821
50.865, 5.373559
51.211, 5.380331
51.557, 5.38482
51.903, 5.389289
52.249, 5.391516
52.595, 5.400376
52.941, 5.404776
53.287, 5.402578
53.633, 5.413519
53.979, 5.415693
54.325, 5.424342
54.671, 5.424342
55.017, 5.424342
55.363, 5.424342
55.709, 5.435049
56.055, 5.441418
56.401, 5.437176
56.747, 5.441418
57.093, 5.449848
57.439, 5.451945
57.785, 5.458208
58.131, 5.466498
58.478, 5.462361
58.824, 5.466498
59.17, 5.472671
59.516, 5.476765
59.862, 5.478806
60.208, 5.484903
60.554, 5.482875
60.9, 5.486928
61.246, 5.494984
61.592, 5.492976
61.938, 5.494984
62.284, 5.504964
62.63, 5.502976
62.976, 5.508929
63.322, 5.510905
63.668, 5.51681
64.014, 5.514846
64.36, 5.522681
64.706, 5.520728
65.052, 5.52463
65.398, 5.526576
65.744, 5.53239
66.09, 5.526576
66.436, 5.53817
66.782, 5.53817
67.128, 5.542005
67.474, 5.545826
67.82, 5.547731
68.166, 5.547731
68.512, 5.545826
68.858, 5.555314
69.204, 5.553423
69.55, 5.555314
69.896, 5.560963
70.242, 5.560963
70.588, 5.564712
70.934, 5.568447
71.28, 5.564712
71.626, 5.570309
71.972, 5.572168
72.318, 5.577724
72.664, 5.575875
73.01, 5.58141
73.356, 5.577724
73.702, 5.583248
74.048, 5.583248
74.394, 5.583248
74.74, 5.583248
75.087, 5.590568
75.433, 5.590568
75.779, 5.590568
76.125, 5.590568
76.471, 5.596022
76.817, 5.588743
77.163, 5.594207
77.509, 5.597834
77.855, 5.601447
78.201, 5.596022
78.547, 5.601447
78.893, 5.605048
79.239, 5.605048
79.585, 5.605048
79.931, 5.605048
80.277, 5.605048
80.623, 5.610424
80.969, 5.605048
81.315, 5.606843
81.661, 5.613992
82.007, 5.605048
82.353, 5.613992
82.699, 5.619321
83.045, 5.613992
83.391, 5.608635
83.737, 5.619321
84.083, 5.615772
84.429, 5.615772
84.775, 5.621091
85.121, 5.619321
85.467, 5.615772
85.813, 5.621091
86.159, 5.617548
86.505, 5.619321
86.851, 5.621091
87.197, 5.621091
87.543, 5.615772
87.889, 5.619321
88.235, 5.619321
88.581, 5.619321
88.927, 5.624621
89.273, 5.622858
89.619, 5.619321
89.965, 5.624621
90.311, 5.622858
90.657, 5.621091
91.003, 5.622858
91.349, 5.626382
91.696, 5.622858
92.042, 5.621091
92.388, 5.626382
92.734, 5.621091
93.08, 5.624621
93.426, 5.626382
93.772, 5.622858
94.118, 5.622858
94.464, 5.631645
94.81, 5.626382
95.156, 5.621091
95.502, 5.626382
95.848, 5.622858
96.194, 5.624621
96.54, 5.626382
96.886, 5.626382
97.232, 5.622858
97.578, 5.626382
97.924, 5.622858
98.27, 5.622858
98.616, 5.624621
98.962, 5.622858
99.308, 5.628139
99.654, 5.622858
0, 5.698519
0.346, 5.699561
0.692, 5.700602
1.038, 5.700602
1.384, 5.701642
1.73, 5.700602
2.076, 5.70268
2.422, 5.701122
2.768, 5.703718
3.114, 5.703199
3.46, 5.701642
3.806, 5.703718
4.152, 5.704754
4.498, 5.704754
4.844, 5.706824
5.19, 5.703718
5.536, 5.707857
5.882, 5.706824
6.228, 5.707857
6.574, 5.707857
6.92, 5.706307
7.266, 5.705789
7.612, 5.708373
7.958, 5.708373
8.304, 5.70992
8.651, 5.709405
8.997, 5.711465
9.343, 5.71095
9.689, 5.71095
10.035, 5.711979
10.381, 5.71095
10.727, 5.713521
11.073, 5.711465
11.419, 5.714034
11.765, 5.71506
12.111, 5.713521
12.457, 5.716596
12.803, 5.715572
13.149, 5.71506
13.495, 5.71762
13.841, 5.716085
14.187, 5.718642
14.533, 5.718642
14.879, 5.720173
15.225, 5.719152
15.571, 5.721193
15.917, 5.722211
16.263, 5.721193
16.609, 5.721193
16.955, 5.723229
17.301, 5.723229
17.647, 5.72526
17.993, 5.724753
18.339, 5.724753
18.685, 5.72526
19.031, 5.725768
19.377, 5.727288
19.723, 5.727794
20.069, 5.728806
20.415, 5.727288
20.761, 5.729312
21.107, 5.731331
21.453, 5.732339
21.799, 5.731331
22.145, 5.733347
22.491, 5.731835
22.837, 5.733347
23.183, 5.73385
23.529, 5.735358
23.875, 5.735358
24.221, 5.73586
24.567, 5.737365
24.913, 5.738868
25.26, 5.738367
25.606, 5.740369
25.952, 5.739369
26.298, 5.741368
26.644, 5.743861
26.99, 5.742366
27.336, 5.741867
27.682, 5.745852
28.028, 5.744359
28.374, 5.746349
28.72, 5.747342
29.066, 5.747342
29.412, 5.75081
29.758, 5.749325
30.104, 5.749821
30.45, 5.750316
30.796, 5.752293
31.142, 5.752787
31.488, 5.753774
31.834, 5.755252
32.18, 5.754267
32.526, 5.756237
32.872, 5.759184
33.218, 5.757711
33.564, 5.758693
33.91, 5.762123
34.256, 5.760655
34.602, 5.760165
34.948, 5.762612
35.294, 5.763589
35.64, 5.764077
35.986, 5.765053
36.332, 5.767975
36.678, 5.76554
37.024, 5.766028
37.37, 5.770403
37.716, 5.768947
38.062, 5.770403
38.408, 5.771857
38.754, 5.772825
39.1, 5.770888
39.446, 5.775241
39.792, 5.776206
40.138, 5.776688
40.484, 5.778615
40.83, 5.779576
41.176, 5.780537
41.522, 5.781497
41.869, 5.781497
42.215, 5.782456
42.561, 5.785327
42.907, 5.785327
43.253, 5.786282
43.599, 5.788666
43.945, 5.789143
44.291, 5.789143
44.637, 5.79152
44.983, 5.792944
45.329, 5.793892
45.675, 5.795312
46.021, 5.795785
46.367, 5.795785
46.713, 5.797675
47.059, 5.800032
47.405, 5.79909
47.751, 5.800503
48.097, 5.80473
48.443, 5.803323
48.789, 5.801914
49.135, 5.806135
49.481, 5.806135
49.827, 5.807538
50.173, 5.808939
50.519, 5.809872
50.865, 5.810804
51.211, 5.8122
51.557, 5.812665
51.903, 5.814059
52.249, 5.815915
52.595, 5.816378
52.941, 5.817304
53.287, 5.819154
53.633, 5.818692
53.979, 5.820077
54.325, 5.821
54.671, 5.823303
55.017, 5.823303
55.363, 5.827435
55.709, 5.826518
56.055, 5.827435
56.401, 5.827893
56.747, 5.829723
57.093, 5.829723
57.439, 5.832006
57.785, 5.832006
58.131, 5.834738
58.478, 5.834283
58.824, 5.837464
59.17, 5.836556
59.516, 5.83837
59.862, 5.840181
60.208, 5.841989
60.554, 5.841989
60.9, 5.842441
61.246, 5.843794
61.592, 5.845595
61.938, 5.846944
62.284, 5.846944
62.63, 5.848291
62.976, 5.848739
63.322, 5.851427
63.668, 5.850979
64.014, 5.853214
64.36, 5.854553
64.706, 5.852321
65.052, 5.856335
65.398, 5.85678
65.744, 5.85678
66.09, 5.858558
66.436, 5.859002
66.782, 5.862104
67.128, 5.861662
67.474, 5.863431
67.82, 5.862989
68.166, 5.863873
68.512, 5.866079
68.858, 5.866079
69.204, 5.86696
69.55, 5.869599
69.896, 5.868721
70.242, 5.872231
70.588, 5.870916
70.934, 5.871793
71.28, 5.873107
71.626, 5.873107
71.972, 5.87573
72.318, 5.87573
72.664, 5.876166
73.01, 5.876603
73.356, 5.878346
73.702, 5.88052
74.048, 5.880955
74.394, 5.881389
74.74, 5.88269
75.087, 5.881823
75.433, 5.884423
75.779, 5.886584
76.125, 5.885288
76.471, 5.886153
76.817, 5.886584
77.163, 5.888741
77.509, 5.886584
77.855, 5.889172
78.201, 5.889603
78.547, 5.890033
78.893, 5.892612
79.239, 5.88831
79.585, 5.894327
79.931, 5.89347
80.277, 5.894756
80.623, 5.895184
80.969, 5.895612
81.315, 5.89775
81.661, 5.897322
82.007, 5.898177
82.353, 5.899456
82.699, 5.898603
83.045, 5.900309
83.391, 5.901586
83.737, 5.901586
84.083, 5.903286
84.429, 5.903286
84.775, 5.902011
85.121, 5.904983
85.467, 5.904983
85.813, 5.904983
86.159, 5.906254
86.505, 5.907524
86.851, 5.907101
87.197, 5.907946
87.543, 5.909214
87.889, 5.909636
88.235, 5.909214
88.581, 5.910901
88.927, 5.911744
89.273, 5.910901
89.619, 5.911322
89.965, 5.912586
90.311, 5.912165
90.657, 5.913427
91.003, 5.915526
91.349, 5.914267
91.696, 5.915107
92.042, 5.915946
92.388, 5.915107
92.734, 5.916784
93.08, 5.917203
93.426, 5.916784
93.772, 5.918459
94.118, 5.918459
94.464, 5.91804
94.81, 5.918877
95.156, 5.920131
95.502, 5.920131
95.848, 5.920131
96.194, 5.921799
96.54, 5.920548
96.886, 5.921383
97.232, 5.923049
97.578, 5.921383
97.924, 5.923049
98.27, 5.923882
98.616, 5.923882
98.962, 5.922633
99.308, 5.924298
99.654, 5.925129
"EOF"
