0	4.701403
0.346	4.70689
0.692	4.712346
1.038	4.716419
1.384	4.717773
1.73	4.720475
2.076	4.720475
2.422	4.72317
2.768	4.725858
3.114	4.727199
3.46	4.731212
3.806	4.732546
4.152	4.73919
4.498	4.737865
4.844	4.740514
5.19	4.743155
5.536	4.74579
5.882	4.751039
6.228	4.749729
6.574	4.754957
6.92	4.75626
7.266	4.758861
7.612	4.762749
7.958	4.766622
8.304	4.765333
8.651	4.769196
8.997	4.771763
9.343	4.776877
9.689	4.776877
10.035	4.781966
10.381	4.7845
10.727	4.785765
11.073	4.790809
11.419	4.792066
11.765	4.794575
12.111	4.799574
12.457	4.803308
12.803	4.805789
13.149	4.809499
13.495	4.808264
13.841	4.813195
14.187	4.818103
14.533	4.821768
14.879	4.822986
15.225	4.826633
15.571	4.829057
15.917	4.835092
16.263	4.833888
16.609	4.84109
16.955	4.839893
17.301	4.844672
17.647	4.848241
17.993	4.849428
18.339	4.855341
18.685	4.856519
19.031	4.857696
19.377	4.864729
19.723	4.867063
20.069	4.870553
20.415	4.871714
20.761	4.872873
21.107	4.878649
21.453	4.882099
21.799	4.885537
22.145	4.887823
22.491	4.888964
22.837	4.894648
23.183	4.896913
23.529	4.900301
23.875	4.902553
24.221	4.9048
24.567	4.909278
24.913	4.912624
25.26	4.918176
25.606	4.918176
25.952	4.922596
26.298	4.925898
26.644	4.928093
26.99	4.932469
27.336	4.93465
27.682	4.936826
28.028	4.942245
28.374	4.945483
28.72	4.94871
29.066	4.951927
29.412	4.954066
29.758	4.957266
30.104	4.960455
30.45	4.965749
30.796	4.965749
31.142	4.969963
31.488	4.973112
31.834	4.97416
32.18	4.979381
32.526	4.981462
32.872	4.982501
33.218	4.988712
33.564	4.989743
33.91	4.991803
34.256	4.996933
34.602	4.998978
34.948	5.002038
35.294	5.005088
35.64	5.008128
35.986	5.01116
36.332	5.015188
36.678	5.016192
37.024	5.021199
37.37	5.023195
37.716	5.028167
38.062	5.033115
38.408	5.033115
38.754	5.038038
39.1	5.03902
39.446	5.04196
39.792	5.045865
40.138	5.048785
40.484	5.051696
40.83	5.056529
41.176	5.062298
41.522	5.061338
41.869	5.06517
42.215	5.068033
42.561	5.069938
42.907	5.073736
43.253	5.07752
43.599	5.079407
43.945	5.083169
44.291	5.085982
44.637	5.087853
44.983	5.091584
45.329	5.095301
45.675	5.097155
46.021	5.100851
46.367	5.103615
46.713	5.10637
47.059	5.109119
47.405	5.11186
47.751	5.115502
48.097	5.118226
48.443	5.120037
48.789	5.12365
49.135	5.12725
49.481	5.130837
49.827	5.136194
50.173	5.136194
50.519	5.139749
50.865	5.143292
51.211	5.145941
51.557	5.149462
51.903	5.149462
52.249	5.15297
52.595	5.156467
52.941	5.159081
53.287	5.16082
53.633	5.164289
53.979	5.166883
54.325	5.168608
54.671	5.172909
55.017	5.174624
55.363	5.176336
55.709	5.180604
56.055	5.183156
56.401	5.184005
56.747	5.18824
57.093	5.189929
57.439	5.191615
57.785	5.194979
58.131	5.199168
58.478	5.200004
58.824	5.205835
59.17	5.207494
59.516	5.209151
59.862	5.213281
60.208	5.214105
60.554	5.217395
60.9	5.220673
61.246	5.221491
61.592	5.223125
61.938	5.226385
62.284	5.229634
62.63	5.232064
62.976	5.233681
63.322	5.236101
63.668	5.239319
64.014	5.241725
64.36	5.244126
64.706	5.244925
65.052	5.247318
65.398	5.2505
65.744	5.254463
66.09	5.254463
66.436	5.256834
66.782	5.258411
67.128	5.262343
67.474	5.26626
67.82	5.267822
68.166	5.270161
68.512	5.271717
68.858	5.271717
69.204	5.275598
69.55	5.279463
69.896	5.283313
70.242	5.281775
70.588	5.284849
70.934	5.287149
71.28	5.290207
71.626	5.292494
71.972	5.293255
72.318	5.294776
72.664	5.297811
73.01	5.300081
73.356	5.303099
73.702	5.303099
74.048	5.305358
74.394	5.30686
74.74	5.309858
75.087	5.312848
75.433	5.311354
75.779	5.315828
76.125	5.317315
76.471	5.320282
76.817	5.321763
77.163	5.323241
77.509	5.32619
77.855	5.32619
78.201	5.329865
78.547	5.332064
78.893	5.332064
79.239	5.334987
79.585	5.337903
79.931	5.339357
80.277	5.34081
80.623	5.340084
80.969	5.342984
81.315	5.345876
81.661	5.34948
82.007	5.34948
82.353	5.351635
82.699	5.35307
83.045	5.354503
83.391	5.356648
83.737	5.358075
84.083	5.358788
84.429	5.362345
84.775	5.363055
85.121	5.36589
85.467	5.367304
85.813	5.367304
86.159	5.369422
86.505	5.370831
86.851	5.372239
87.197	5.372942
87.543	5.374346
87.889	5.377149
88.235	5.377149
88.581	5.379246
88.927	5.382035
89.273	5.379944
89.619	5.384817
89.965	5.386898
90.311	5.390357
90.657	5.388283
91.003	5.391047
91.349	5.391737
91.696	5.392426
92.042	5.394491
92.388	5.393803
92.734	5.396552
93.08	5.397924
93.426	5.397924
93.772	5.399978
94.118	5.401345
94.464	5.40271
94.81	5.403392
95.156	5.405435
95.502	5.406115
95.848	5.406115
96.194	5.40883
96.54	5.409508
96.886	5.410185
97.232	5.412214
97.578	5.41289
97.924	5.413564
98.27	5.415587
98.616	5.419619
98.962	5.416932
99.308	5.418948
99.654	5.420289
0	4.349135
0.346	4.361674
0.692	4.342806
1.038	4.336436
1.384	4.342806
1.73	4.336436
2.076	4.336436
2.422	4.342806
2.768	4.323575
3.114	4.330026
3.46	4.323575
3.806	4.303966
4.152	4.297344
4.498	4.323575
4.844	4.297344
5.19	4.283965
5.536	4.283965
5.882	4.283965
6.228	4.270406
6.574	4.283965
6.92	4.25666
7.266	4.283965
7.612	4.283965
7.958	4.25666
8.304	4.25666
8.651	4.25666
8.997	4.25666
9.343	4.242722
9.689	4.249715
10.035	4.242722
10.381	4.228588
10.727	4.228588
11.073	4.228588
11.419	4.207004
11.765	4.228588
12.111	4.214251
12.457	4.214251
12.803	4.214251
13.149	4.207004
13.495	4.199705
13.841	4.184945
14.187	4.192352
14.533	4.184945
14.879	4.184945
15.225	4.184945
15.571	4.177482
15.917	4.177482
16.263	4.169963
16.609	4.154754
16.955	4.147061
17.301	4.147061
17.647	4.154754
17.993	4.131497
18.339	4.139309
18.685	4.123623
19.031	4.131497
19.377	4.123623
19.723	4.123623
20.069	4.107686
20.415	4.115686
20.761	4.107686
21.107	4.107686
21.453	4.107686
21.799	4.107686
22.145	4.07503
22.491	4.07503
22.837	4.07503
23.183	4.07503
23.529	4.07503
23.875	4.049819
24.221	4.07503
24.567	4.058293
24.913	4.07503
25.26	4.023955
25.606	4.041272
25.952	4.058293
26.298	4.049819
26.644	4.041272
26.99	4.032651
27.336	4.023955
27.682	4.023955
28.028	4.041272
28.374	4.023955
28.72	3.997405
29.066	4.015183
29.412	4.006334
29.758	3.988396
30.104	3.997405
30.45	3.979305
30.796	3.979305
31.142	3.979305
31.488	3.960871
31.834	3.979305
32.18	3.960871
32.526	3.942091
32.872	3.932568
33.218	3.970131
33.564	3.942091
33.91	3.932568
34.256	3.932568
34.602	3.903439
34.948	3.903439
35.294	3.942091
35.64	3.913243
35.986	3.893538
36.332	3.932568
36.678	3.903439
37.024	3.863233
37.37	3.893538
37.716	3.893538
38.062	3.873437
38.408	3.893538
38.754	3.893538
39.1	3.842507
39.446	3.863233
39.792	3.852923
40.138	3.852923
40.484	3.842507
40.83	3.863233
41.176	3.852923
41.522	3.842507
41.869	3.83198
42.215	3.810589
42.561	3.83198
42.907	3.810589
43.253	3.810589
43.599	3.821342
43.945	3.821342
44.291	3.78873
44.637	3.799719
44.983	3.810589
45.329	3.810589
45.675	3.78873
46.021	3.78873
46.367	3.766383
46.713	3.766383
47.059	3.78873
47.405	3.766383
47.751	3.743525
48.097	3.777619
48.443	3.755019
48.789	3.731897
49.135	3.766383
49.481	3.743525
49.827	3.731897
50.173	3.743525
50.519	3.743525
50.865	3.720132
51.211	3.720132
51.557	3.720132
51.903	3.720132
52.249	3.720132
52.595	3.720132
52.941	3.683983
53.287	3.708227
53.633	3.696179
53.979	3.683983
54.325	3.720132
54.671	3.696179
55.017	3.683983
55.363	3.696179
55.709	3.683983
56.055	3.646479
56.401	3.646479
56.747	3.683983
57.093	3.646479
57.439	3.671638
57.785	3.671638
58.131	3.620671
58.478	3.659137
58.824	3.659137
59.17	3.620671
59.516	3.620671
59.862	3.633658
60.208	3.607513
60.554	3.633658
60.9	3.620671
61.246	3.633658
61.592	3.620671
61.938	3.620671
62.284	3.620671
62.63	3.633658
62.976	3.620671
63.322	3.59418
63.668	3.607513
64.014	3.59418
64.36	3.59418
64.706	3.566967
65.052	3.566967
65.398	3.59418
65.744	3.566967
66.09	3.580666
66.436	3.580666
66.782	3.580666
67.128	3.566967
67.474	3.538993
67.82	3.580666
68.166	3.538993
68.512	3.538993
68.858	3.538993
69.204	3.510214
69.55	3.538993
69.896	3.480582
70.242	3.495508
70.588	3.538993
70.934	3.524707
71.28	3.524707
71.626	3.538993
71.972	3.510214
72.318	3.553078
72.664	3.524707
73.01	3.495508
73.356	3.510214
73.702	3.524707
74.048	3.524707
74.394	3.510214
74.74	3.510214
75.087	3.480582
75.433	3.510214
75.779	3.495508
76.125	3.495508
76.471	3.450046
76.817	3.524707
77.163	3.495508
77.509	3.510214
77.855	3.450046
78.201	3.480582
78.547	3.450046
78.893	3.465431
79.239	3.465431
79.585	3.450046
79.931	3.465431
80.277	3.450046
80.623	3.510214
80.969	3.450046
81.315	3.450046
81.661	3.465431
82.007	3.465431
82.353	3.450046
82.699	3.450046
83.045	3.418547
83.391	3.450046
83.737	3.43442
84.083	3.450046
84.429	3.402418
84.775	3.465431
85.121	3.450046
85.467	3.450046
85.813	3.450046
86.159	3.450046
86.505	3.450046
86.851	3.386024
87.197	3.386024
87.543	3.43442
87.889	3.386024
88.235	3.386024
88.581	3.450046
88.927	3.386024
89.273	3.386024
89.619	3.386024
89.965	3.386024
90.311	3.402418
90.657	3.418547
91.003	3.386024
91.349	3.317621
91.696	3.386024
92.042	3.352407
92.388	3.352407
92.734	3.386024
93.08	3.386024
93.426	3.386024
93.772	3.352407
94.118	3.369357
94.464	3.352407
94.81	3.352407
95.156	3.386024
95.502	3.335165
95.848	3.352407
96.194	3.386024
96.54	3.335165
96.886	3.402418
97.232	3.352407
97.578	3.281581
97.924	3.317621
98.27	3.352407
98.616	3.335165
98.962	3.335165
99.308	3.352407
99.654	3.317621
0	5.660271
0.346	5.662975
0.692	5.662435
1.038	5.662435
1.384	5.660813
1.73	5.660271
2.076	5.660813
2.422	5.65756
2.768	5.65973
3.114	5.658103
3.46	5.657017
3.806	5.65756
4.152	5.658646
4.498	5.656474
4.844	5.655386
5.19	5.65593
5.536	5.654297
5.882	5.654842
6.228	5.654842
6.574	5.652116
6.92	5.653752
7.266	5.652116
7.612	5.652116
7.958	5.653207
8.304	5.649929
8.651	5.651569
8.997	5.649382
9.343	5.650476
9.689	5.648835
10.035	5.64719
10.381	5.648287
10.727	5.646092
11.073	5.64719
11.419	5.647738
11.765	5.644993
12.111	5.646092
12.457	5.644443
12.803	5.644443
13.149	5.643342
13.495	5.641689
13.841	5.643342
14.187	5.641689
14.533	5.641689
14.879	5.642791
15.225	5.638926
15.571	5.640585
15.917	5.638373
16.263	5.637819
16.609	5.639479
16.955	5.637819
17.301	5.638926
17.647	5.635602
17.993	5.636157
18.339	5.635602
18.685	5.633935
19.031	5.635046
19.377	5.635046
19.723	5.631709
20.069	5.632823
20.415	5.630036
20.761	5.632266
21.107	5.630594
21.453	5.630594
21.799	5.629478
22.145	5.630594
22.491	5.629478
22.837	5.627241
23.183	5.626121
23.529	5.627241
23.875	5.625561
24.221	5.626121
24.567	5.625
24.913	5.625
25.26	5.625
25.606	5.623877
25.952	5.622191
26.298	5.621629
26.644	5.621066
26.99	5.621066
27.336	5.620502
27.682	5.619375
28.028	5.619375
28.374	5.618246
28.72	5.61881
29.066	5.617681
29.412	5.61655
29.758	5.615984
30.104	5.615984
30.45	5.615984
30.796	5.615984
31.142	5.613718
31.488	5.61315
31.834	5.614285
32.18	5.61315
32.526	5.613718
32.872	5.612582
33.218	5.611446
33.564	5.610877
33.91	5.610877
34.256	5.609169
34.602	5.610308
34.948	5.610308
35.294	5.607458
35.64	5.607458
35.986	5.606887
36.332	5.606887
36.678	5.606315
37.024	5.606887
37.37	5.605171
37.716	5.605743
38.062	5.605171
38.408	5.60288
38.754	5.602306
39.1	5.604026
39.446	5.60288
39.792	5.602306
40.138	5.60288
40.484	5.602306
40.83	5.598858
41.176	5.600008
41.522	5.599433
41.869	5.600008
42.215	5.599433
42.561	5.600583
42.907	5.595974
43.253	5.596552
43.599	5.597705
43.945	5.595974
44.291	5.595974
44.637	5.597129
44.983	5.594819
45.329	5.59424
45.675	5.594819
46.021	5.593083
46.367	5.593083
46.713	5.59424
47.059	5.591344
47.405	5.591344
47.751	5.591924
48.097	5.590764
48.443	5.588439
48.789	5.591344
49.135	5.589602
49.481	5.590183
49.827	5.590764
50.173	5.588439
50.519	5.588439
50.865	5.589021
51.211	5.586109
51.557	5.586692
51.903	5.587275
52.249	5.587275
52.595	5.584942
52.941	5.586692
53.287	5.585525
53.633	5.583773
53.979	5.584942
54.325	5.584942
54.671	5.583773
55.017	5.583773
55.363	5.582604
55.709	5.581432
56.055	5.582604
56.401	5.581432
56.747	5.581432
57.093	5.581432
57.439	5.58026
57.785	5.579086
58.131	5.579086
58.478	5.576734
58.824	5.575556
59.17	5.576734
59.516	5.577911
59.862	5.573195
60.208	5.575556
60.554	5.574376
60.9	5.575556
61.246	5.576145
61.592	5.572013
61.938	5.574376
62.284	5.573195
62.63	5.574966
62.976	5.573195
63.322	5.572013
63.668	5.572013
64.014	5.571422
64.36	5.573195
64.706	5.572605
65.052	5.572013
65.398	5.570237
65.744	5.569645
66.09	5.57083
66.436	5.569645
66.782	5.569051
67.128	5.567864
67.474	5.568458
67.82	5.568458
68.166	5.567864
68.512	5.56727
68.858	5.566081
69.204	5.566676
69.55	5.565486
69.896	5.56727
70.242	5.566081
70.588	5.564294
70.934	5.56489
71.28	5.564294
71.626	5.562505
71.972	5.563698
72.318	5.563102
72.664	5.56489
73.01	5.562505
73.356	5.563102
73.702	5.561907
74.048	5.56131
74.394	5.561907
74.74	5.561907
75.087	5.56131
75.433	5.560712
75.779	5.560712
76.125	5.56131
76.471	5.558915
76.817	5.559514
77.163	5.559514
77.509	5.557716
77.855	5.560113
78.201	5.557716
78.547	5.559514
78.893	5.557116
79.239	5.557716
79.585	5.558316
79.931	5.557716
80.277	5.557116
80.623	5.555915
80.969	5.553507
81.315	5.556515
81.661	5.555915
82.007	5.556515
82.353	5.554712
82.699	5.55411
83.045	5.55411
83.391	5.552905
83.737	5.552905
84.083	5.553507
84.429	5.552905
84.775	5.551698
85.121	5.552302
85.467	5.552905
85.813	5.551698
86.159	5.551698
86.505	5.55049
86.851	5.551094
87.197	5.551698
87.543	5.549281
87.889	5.55049
88.235	5.55049
88.581	5.548675
88.927	5.55049
89.273	5.549886
89.619	5.547464
89.965	5.548675
90.311	5.54807
90.657	5.545036
91.003	5.546858
91.349	5.54807
91.696	5.546251
92.042	5.546858
92.388	5.547464
92.734	5.546251
93.08	5.544428
93.426	5.545644
93.772	5.546251
94.118	5.544428
94.464	5.545036
94.81	5.54382
95.156	5.54382
95.502	5.545036
95.848	5.545644
96.194	5.543212
96.54	5.54382
96.886	5.544428
97.232	5.543212
97.578	5.543212
97.924	5.543212
98.27	5.540163
98.616	5.540774
98.962	5.541993
99.308	5.540774
99.654	5.538941
"EOF"
