0	5.313594
34.602	5.312848
69.204	5.30836
103.806	5.305358
138.408	5.300836
173.01	5.298568
207.612	5.296295
242.215	5.294016
276.817	5.291732
311.419	5.289443
346.021	5.287914
380.623	5.287149
415.225	5.283313
449.827	5.281005
484.429	5.279463
519.031	5.277919
553.633	5.277919
588.235	5.276372
622.837	5.274047
657.439	5.272495
692.042	5.268602
726.644	5.267041
761.246	5.263128
795.848	5.260772
830.45	5.259199
865.052	5.259199
899.654	5.256834
934.256	5.256834
968.858	5.254463
1003.46	5.251294
1038.062	5.254463
1072.664	5.25288
1107.266	5.254463
1141.869	5.25288
1176.471	5.25288
1211.073	5.253672
1245.675	5.253672
1280.277	5.254463
1314.879	5.25288
1349.481	5.246521
1384.083	5.240121
1418.685	5.236101
1453.287	5.232064
1487.889	5.229634
1522.491	5.227198
1557.093	5.223125
1591.696	5.220673
1626.298	5.218215
1660.9	5.214105
1695.502	5.212457
1730.104	5.209151
1764.706	5.208323
1799.308	5.206665
1833.91	5.205004
1868.512	5.201674
1903.114	5.200839
1937.716	5.197495
1972.318	5.195819
2006.92	5.194139
2041.522	5.193299
2076.125	5.193299
2110.727	5.189929
2145.329	5.189929
2179.931	5.187395
2214.533	5.184005
2249.135	5.181455
2283.737	5.178899
2318.339	5.178899
2352.941	5.17548
2387.543	5.173767
2422.145	5.16947
2456.747	5.168608
2491.349	5.166019
2525.952	5.163423
2560.554	5.16082
2595.156	5.159081
2629.758	5.155594
2664.36	5.155594
2698.962	5.15297
2733.564	5.152094
2768.166	5.151218
2802.768	5.148583
2837.37	5.145941
2871.972	5.144176
2906.574	5.145941
2941.176	5.145059
2975.779	5.145059
3010.381	5.145059
3044.983	5.144176
3079.585	5.142408
3114.187	5.144176
3148.789	5.145941
3183.391	5.141522
3217.993	5.137084
3252.595	5.130837
3287.197	5.126351
3321.799	5.124551
3356.401	5.126351
3391.003	5.125452
3425.606	5.125452
3460.208	5.124551
3494.81	5.124551
3529.412	5.126351
3564.014	5.125452
3598.616	5.124551
3633.218	5.120037
3667.82	5.114593
3702.422	5.11186
3737.024	5.110033
3771.626	5.110947
3806.228	5.110033
3840.83	5.110947
3875.433	5.110947
3910.035	5.108204
3944.637	5.10637
3979.239	5.099928
4013.841	5.095301
4048.443	5.091584
4083.045	5.091584
4117.647	5.08972
4152.249	5.086918
4186.851	5.084108
4221.453	5.083169
4256.055	5.080349
4290.657	5.07752
4325.26	5.073736
4359.862	5.071839
4394.464	5.068986
4429.066	5.06708
4463.668	5.06517
4498.27	5.064213
4532.872	5.061338
4567.474	5.058455
4602.076	5.058455
4636.678	5.055564
4671.28	5.054598
4705.882	5.053632
4740.484	5.051696
4775.087	5.051696
4809.689	5.050727
4844.291	5.051696
4878.893	5.052664
4913.495	5.052664
4948.097	5.052664
4982.699	5.053632
5017.301	5.052664
5051.903	5.051696
5086.505	5.047813
5121.107	5.04196
5155.709	5.038038
5190.311	5.034102
5224.913	5.034102
5259.516	5.031139
5294.118	5.029159
5328.72	5.028167
5363.322	5.024192
5397.924	5.024192
5432.526	5.021199
5467.128	5.019199
5501.73	5.018198
5536.332	5.014182
5570.934	5.013176
5605.536	5.01116
5640.138	5.01015
5674.74	5.008128
5709.343	5.005088
5743.945	5.004072
5778.547	5.002038
5813.149	5.002038
5847.751	5.001019
5882.353	5.001019
5916.955	5.001019
5951.557	5.002038
5986.159	5.001019
6020.761	5.003055
6055.363	5.001019
6089.965	5.001019
6124.567	5.002038
6159.17	4.999999
6193.772	4.995909
6228.374	4.988712
6262.976	4.985611
6297.578	4.985611
6332.18	4.984576
6366.782	4.985611
6401.384	4.985611
6435.986	4.985611
6470.588	4.984576
6505.19	4.982501
6539.792	4.975206
6574.394	4.968911
6608.997	4.964692
6643.599	4.964692
6678.201	4.962576
6712.803	4.962576
6747.405	4.9562
6782.007	4.954066
6816.609	4.949784
6851.211	4.94656
6885.813	4.943326
6920.415	4.937912
6955.017	4.932469
6989.619	4.93465
7024.221	4.93465
7058.824	4.93465
7093.426	4.935738
7128.028	4.93465
7162.63	4.93356
7197.232	4.93465
7231.834	4.93465
7266.436	4.93465
7301.038	4.93465
7335.64	4.935738
7370.242	4.93465
7404.844	4.93465
7439.446	4.935738
7474.048	4.935738
7508.651	4.935738
7543.253	4.930283
7577.855	4.926996
7612.457	4.922596
7647.059	4.922596
7681.661	4.922596
7716.263	4.921493
7750.865	4.920389
7785.467	4.921493
7820.069	4.921493
7854.671	4.920389
7889.273	4.917068
7923.875	4.91151
7958.478	4.905921
7993.08	4.902553
8027.682	4.900301
8062.284	4.899173
8096.886	4.896913
8131.488	4.895781
8166.09	4.893514
8200.692	4.890103
8235.294	4.890103
8269.896	4.888964
8304.498	4.887823
8339.1	4.888964
8373.702	4.887823
8408.304	4.890103
8442.907	4.888964
8477.509	4.886681
8512.111	4.878649
8546.713	4.874031
8581.315	4.871714
8615.917	4.870553
8650.519	4.871714
8685.121	4.871714
8719.723	4.872873
8754.325	4.872873
8788.927	4.870553
8823.529	4.868228
8858.131	4.860046
8892.734	4.856519
8927.336	4.854161
8961.938	4.851797
8996.54	4.848241
9031.142	4.842285
9065.744	4.847053
9100.346	4.848241
9134.948	4.849428
9169.55	4.848241
9204.152	4.848241
9238.754	4.847053
9273.356	4.842285
9307.958	4.833888
9342.561	4.830267
9377.163	4.827846
9411.765	4.824204
9446.367	4.827846
9480.969	4.827846
9515.571	4.829057
9550.173	4.829057
9584.775	4.829057
9619.377	4.821768
9653.979	4.811965
9688.581	4.814425
9723.183	4.815652
9757.785	4.814425
9792.388	4.815652
9826.99	4.813195
9861.592	4.814425
9896.194	4.815652
9930.796	4.808264
9965.398	4.803308
0	4.794791
34.602	4.798823
69.204	4.794791
103.806	4.802839
138.408	4.814792
173.01	4.818744
207.612	4.810823
242.215	4.810823
276.817	4.814792
311.419	4.814792
346.021	4.798823
380.623	4.822681
415.225	4.822681
449.827	4.830509
484.429	4.830509
519.031	4.8344
553.633	4.845983
588.235	4.830509
622.837	4.830509
657.439	4.830509
692.042	4.845983
726.644	4.845983
761.246	4.842137
795.848	4.849815
830.45	4.849815
865.052	4.849815
899.654	4.853632
934.256	4.845983
968.858	4.849815
1003.46	4.849815
1038.062	4.838276
1072.664	4.845983
1107.266	4.849815
1141.869	4.845983
1176.471	4.849815
1211.073	4.845983
1245.675	4.845983
1280.277	4.842137
1314.879	4.849815
1349.481	4.861222
1384.083	4.876231
1418.685	4.868755
1453.287	4.883653
1487.889	4.887343
1522.491	4.891019
1557.093	4.883653
1591.696	4.887343
1626.298	4.891019
1660.9	4.898332
1695.502	4.894682
1730.104	4.901968
1764.706	4.898332
1799.308	4.901968
1833.91	4.898332
1868.512	4.912799
1903.114	4.898332
1937.716	4.901968
1972.318	4.934114
2006.92	4.919954
2041.522	4.909201
2076.125	4.919954
2110.727	4.916383
2145.329	4.912799
2179.931	4.923513
2214.533	4.930593
2249.135	4.934114
2283.737	4.937622
2318.339	4.934114
2352.941	4.944603
2387.543	4.934114
2422.145	4.941119
2456.747	4.948076
2491.349	4.951536
2525.952	4.948076
2560.554	4.961845
2595.156	4.954984
2629.758	4.954984
2664.36	4.95842
2698.962	4.961845
2733.564	4.961845
2768.166	4.961845
2802.768	4.961845
2837.37	4.954984
2871.972	4.968659
2906.574	4.965258
2941.176	4.968659
2975.779	4.95842
3010.381	4.961845
3044.983	4.954984
3079.585	4.961845
3114.187	4.965258
3148.789	4.95842
3183.391	4.968659
3217.993	4.978795
3252.595	4.985495
3287.197	4.975428
3321.799	4.988828
3356.401	4.98215
3391.003	4.978795
3425.606	4.978795
3460.208	4.988828
3494.81	4.978795
3529.412	4.98215
3564.014	4.98215
3598.616	4.978795
3633.218	4.995462
3667.82	4.988828
3702.422	4.985495
3737.024	4.998762
3771.626	5.002052
3806.228	4.995462
3840.83	4.985495
3875.433	4.985495
3910.035	5.002052
3944.637	5.015102
3979.239	5.018339
4013.841	5.027985
4048.443	5.018339
4083.045	5.018339
4117.647	5.02478
4152.249	5.027985
4186.851	5.027985
4221.453	5.040704
4256.055	5.027985
4290.657	5.037539
4325.26	5.040704
4359.862	5.037539
4394.464	5.050138
4429.066	5.053263
4463.668	5.043858
4498.27	5.050138
4532.872	5.047003
4567.474	5.053263
4602.076	5.059484
4636.678	5.06258
4671.28	5.059484
4705.882	5.065666
4740.484	5.056378
4775.087	5.056378
4809.689	5.06258
4844.291	5.065666
4878.893	5.065666
4913.495	5.059484
4948.097	5.065666
4982.699	5.056378
5017.301	5.056378
5051.903	5.056378
5086.505	5.068743
5121.107	5.07181
5155.709	5.077917
5190.311	5.074869
5224.913	5.074869
5259.516	5.077917
5294.118	5.087008
5328.72	5.083987
5363.322	5.09002
5397.924	5.09002
5432.526	5.09002
5467.128	5.093023
5501.73	5.096017
5536.332	5.099002
5570.934	5.099002
5605.536	5.101979
5640.138	5.113796
5674.74	5.113796
5709.343	5.113796
5743.945	5.110854
5778.547	5.110854
5813.149	5.104946
5847.751	5.104946
5882.353	5.113796
5916.955	5.110854
5951.557	5.104946
5986.159	5.104946
6020.761	5.104946
6055.363	5.09002
6089.965	5.101979
6124.567	5.113796
6159.17	5.116728
6193.772	5.125475
6228.374	5.122568
6262.976	5.119652
6297.578	5.137019
6332.18	5.128373
6366.782	5.125475
6401.384	5.119652
6435.986	5.113796
6470.588	5.128373
6505.19	5.139884
6539.792	5.139884
6574.394	5.159715
6608.997	5.151264
6643.599	5.14559
6678.201	5.154089
6712.803	5.162516
6747.405	5.156906
6782.007	5.162516
6816.609	5.168095
6851.211	5.170872
6885.813	5.17916
6920.415	5.17916
6955.017	5.181907
6989.619	5.17916
7024.221	5.176405
7058.824	5.181907
7093.426	5.176405
7128.028	5.173643
7162.63	5.17916
7197.232	5.181907
7231.834	5.170872
7266.436	5.170872
7301.038	5.173643
7335.64	5.181907
7370.242	5.181907
7404.844	5.17916
7439.446	5.181907
7474.048	5.170872
7508.651	5.173643
7543.253	5.181907
7577.855	5.190104
7612.457	5.190104
7647.059	5.187379
7681.661	5.184647
7716.263	5.181907
7750.865	5.184647
7785.467	5.187379
7820.069	5.187379
7854.671	5.192821
7889.273	5.203617
7923.875	5.206298
7958.478	5.206298
7993.08	5.211639
8027.682	5.214298
8062.284	5.216951
8096.886	5.214298
8131.488	5.208972
8166.09	5.224867
8200.692	5.227491
8235.294	5.222235
8269.896	5.224867
8304.498	5.227491
8339.1	5.224867
8373.702	5.219597
8408.304	5.224867
8442.907	5.224867
8477.509	5.23272
8512.111	5.240512
8546.713	5.240512
8581.315	5.243096
8615.917	5.243096
8650.519	5.240512
8685.121	5.237922
8719.723	5.235324
8754.325	5.237922
8788.927	5.240512
8823.529	5.253366
8858.131	5.261
8892.734	5.266056
8927.336	5.261
8961.938	5.263531
8996.54	5.266056
9031.142	5.266056
9065.744	5.268575
9100.346	5.258462
9134.948	5.253366
9169.55	5.261
9204.152	5.266056
9238.754	5.271088
9273.356	5.286032
9307.958	5.283557
9342.561	5.281076
9377.163	5.286032
9411.765	5.286032
9446.367	5.286032
9480.969	5.286032
9515.571	5.278588
9550.173	5.286032
9584.775	5.290964
9619.377	5.295872
9653.979	5.305617
9688.581	5.295872
9723.183	5.295872
9757.785	5.288501
9792.388	5.305617
9826.99	5.295872
9861.592	5.293421
9896.194	5.300756
9930.796	5.308038
9965.398	5.310453
0	5.719152
34.602	5.720173
69.204	5.719152
103.806	5.719663
138.408	5.71762
173.01	5.71762
207.612	5.719152
242.215	5.71762
276.817	5.717108
311.419	5.716085
346.021	5.71506
380.623	5.716085
415.225	5.715572
449.827	5.71506
484.429	5.715572
519.031	5.714547
553.633	5.71506
588.235	5.711465
622.837	5.713007
657.439	5.711979
692.042	5.711979
726.644	5.713007
761.246	5.713521
795.848	5.713521
830.45	5.711465
865.052	5.711979
899.654	5.70992
934.256	5.710435
968.858	5.71095
1003.46	5.708889
1038.062	5.708373
1072.664	5.70734
1107.266	5.708373
1141.869	5.704754
1176.471	5.705789
1211.073	5.703718
1245.675	5.703199
1280.277	5.70268
1314.879	5.704754
1349.481	5.704754
1384.083	5.70734
1418.685	5.708373
1453.287	5.709405
1487.889	5.706824
1522.491	5.708373
1557.093	5.71095
1591.696	5.708373
1626.298	5.71095
1660.9	5.709405
1695.502	5.71095
1730.104	5.709405
1764.706	5.708889
1799.308	5.71095
1833.91	5.708889
1868.512	5.70992
1903.114	5.71095
1937.716	5.710435
1972.318	5.711465
2006.92	5.711465
2041.522	5.709405
2076.125	5.70992
2110.727	5.708889
2145.329	5.708889
2179.931	5.709405
2214.533	5.71095
2249.135	5.709405
2283.737	5.708889
2318.339	5.708889
2352.941	5.708889
2387.543	5.71095
2422.145	5.71095
2456.747	5.711979
2491.349	5.711465
2525.952	5.709405
2560.554	5.711465
2595.156	5.711979
2629.758	5.71095
2664.36	5.711979
2698.962	5.711465
2733.564	5.70992
2768.166	5.71095
2802.768	5.70992
2837.37	5.71095
2871.972	5.71095
2906.574	5.71095
2941.176	5.71095
2975.779	5.706824
3010.381	5.707857
3044.983	5.708889
3079.585	5.706824
3114.187	5.705272
3148.789	5.704236
3183.391	5.705789
3217.993	5.705272
3252.595	5.707857
3287.197	5.71095
3321.799	5.708889
3356.401	5.705789
3391.003	5.705789
3425.606	5.706824
3460.208	5.705789
3494.81	5.705789
3529.412	5.704754
3564.014	5.703199
3598.616	5.703718
3633.218	5.705789
3667.82	5.706824
3702.422	5.706824
3737.024	5.707857
3771.626	5.705272
3806.228	5.703718
3840.83	5.704236
3875.433	5.704754
3910.035	5.704236
3944.637	5.705789
3979.239	5.706824
4013.841	5.708373
4048.443	5.706824
4083.045	5.70734
4117.647	5.707857
4152.249	5.707857
4186.851	5.708373
4221.453	5.708889
4256.055	5.708889
4290.657	5.709405
4325.26	5.71095
4359.862	5.71095
4394.464	5.71095
4429.066	5.71095
4463.668	5.708889
4498.27	5.709405
4532.872	5.710435
4567.474	5.710435
4602.076	5.71095
4636.678	5.711465
4671.28	5.708889
4705.882	5.71095
4740.484	5.709405
4775.087	5.71095
4809.689	5.71095
4844.291	5.70734
4878.893	5.708373
4913.495	5.70734
4948.097	5.706307
4982.699	5.706824
5017.301	5.70734
5051.903	5.706824
5086.505	5.706824
5121.107	5.707857
5155.709	5.707857
5190.311	5.70734
5224.913	5.708373
5259.516	5.707857
5294.118	5.70734
5328.72	5.709405
5363.322	5.70992
5397.924	5.708889
5432.526	5.71095
5467.128	5.710435
5501.73	5.711465
5536.332	5.709405
5570.934	5.709405
5605.536	5.708373
5640.138	5.708889
5674.74	5.710435
5709.343	5.710435
5743.945	5.70992
5778.547	5.708889
5813.149	5.708889
5847.751	5.707857
5882.353	5.706824
5916.955	5.708373
5951.557	5.707857
5986.159	5.706824
6020.761	5.705272
6055.363	5.704754
6089.965	5.704754
6124.567	5.705272
6159.17	5.704754
6193.772	5.70734
6228.374	5.706824
6262.976	5.707857
6297.578	5.70734
6332.18	5.70734
6366.782	5.705272
6401.384	5.705272
6435.986	5.704236
6470.588	5.706824
6505.19	5.70734
6539.792	5.708889
6574.394	5.71095
6608.997	5.708889
6643.599	5.708373
6678.201	5.71095
6712.803	5.711979
6747.405	5.711979
6782.007	5.713521
6816.609	5.711465
6851.211	5.712493
6885.813	5.713521
6920.415	5.71506
6955.017	5.71506
6989.619	5.713521
7024.221	5.712493
7058.824	5.711979
7093.426	5.713521
7128.028	5.711979
7162.63	5.71095
7197.232	5.71095
7231.834	5.709405
7266.436	5.708889
7301.038	5.708889
7335.64	5.708889
7370.242	5.707857
7404.844	5.707857
7439.446	5.705789
7474.048	5.705789
7508.651	5.704754
7543.253	5.70734
7577.855	5.709405
7612.457	5.706307
7647.059	5.70734
7681.661	5.70734
7716.263	5.706824
7750.865	5.70734
7785.467	5.705789
7820.069	5.704236
7854.671	5.704236
7889.273	5.70734
7923.875	5.708373
7958.478	5.707857
7993.08	5.708373
8027.682	5.71095
8062.284	5.70734
8096.886	5.707857
8131.488	5.708889
8166.09	5.709405
8200.692	5.710435
8235.294	5.706824
8269.896	5.708889
8304.498	5.707857
8339.1	5.70734
8373.702	5.708889
8408.304	5.708373
8442.907	5.706824
8477.509	5.71095
8512.111	5.709405
8546.713	5.708373
8581.315	5.711465
8615.917	5.71095
8650.519	5.708889
8685.121	5.708373
8719.723	5.708373
8754.325	5.707857
8788.927	5.708889
8823.529	5.71095
8858.131	5.712493
8892.734	5.711465
8927.336	5.711465
8961.938	5.71506
8996.54	5.714034
9031.142	5.713007
9065.744	5.713521
9100.346	5.71095
9134.948	5.71095
9169.55	5.711465
9204.152	5.70992
9238.754	5.708373
9273.356	5.711979
9307.958	5.713521
9342.561	5.713007
9377.163	5.714034
9411.765	5.714034
9446.367	5.713521
9480.969	5.71095
9515.571	5.709405
9550.173	5.70992
9584.775	5.710435
9619.377	5.713521
9653.979	5.713521
9688.581	5.711979
9723.183	5.712493
9757.785	5.71095
9792.388	5.711979
9826.99	5.71095
9861.592	5.709405
9896.194	5.709405
9930.796	5.713007
9965.398	5.713007
"EOF"
