0	4.697269
34.602	4.698649
69.204	4.697269
103.806	4.70415
138.408	4.70415
173.01	4.70689
207.612	4.709622
242.215	4.710985
276.817	4.713706
311.419	4.715063
346.021	4.716419
380.623	4.717773
415.225	4.719125
449.827	4.724515
484.429	4.729876
519.031	4.732546
553.633	4.732546
588.235	4.735209
622.837	4.737865
657.439	4.737865
692.042	4.73919
726.644	4.743155
761.246	4.74579
795.848	4.74579
830.45	4.747105
865.052	4.751039
899.654	4.752347
934.256	4.754957
968.858	4.757561
1003.46	4.760158
1038.062	4.761455
1072.664	4.765333
1107.266	4.76791
1141.869	4.769196
1176.471	4.771763
1211.073	4.774323
1245.675	4.776877
1280.277	4.776877
1314.879	4.7845
1349.481	4.785765
1384.083	4.790809
1418.685	4.793321
1453.287	4.794575
1487.889	4.790809
1522.491	4.799574
1557.093	4.80082
1591.696	4.805789
1626.298	4.805789
1660.9	4.807027
1695.502	4.808264
1730.104	4.809499
1764.706	4.811965
1799.308	4.813195
1833.91	4.816878
1868.512	4.819326
1903.114	4.821768
1937.716	4.824204
1972.318	4.827846
2006.92	4.826633
2041.522	4.829057
2076.125	4.831476
2110.727	4.832683
2145.329	4.833888
2179.931	4.836294
2214.533	4.838695
2249.135	4.84109
2283.737	4.843479
2318.339	4.845863
2352.941	4.845863
2387.543	4.849428
2422.145	4.850613
2456.747	4.854161
2491.349	4.857696
2525.952	4.858872
2560.554	4.86239
2595.156	4.863561
2629.758	4.865897
2664.36	4.867063
2698.962	4.870553
2733.564	4.874031
2768.166	4.876343
2802.768	4.877497
2837.37	4.882099
2871.972	4.885537
2906.574	4.886681
2941.176	4.888964
2975.779	4.890103
3010.381	4.891241
3044.983	4.894648
3079.585	4.895781
3114.187	4.896913
3148.789	4.900301
3183.391	4.903677
3217.993	4.903677
3252.595	4.903677
3287.197	4.908161
3321.799	4.9048
3356.401	4.910395
3391.003	4.91151
3425.606	4.912624
3460.208	4.914849
3494.81	4.917068
3529.412	4.917068
3564.014	4.919283
3598.616	4.920389
3633.218	4.923698
3667.82	4.925898
3702.422	4.925898
3737.024	4.928093
3771.626	4.930283
3806.228	4.932469
3840.83	4.93465
3875.433	4.93465
3910.035	4.940081
3944.637	4.940081
3979.239	4.943326
4013.841	4.944405
4048.443	4.94656
4083.045	4.94656
4117.647	4.94656
4152.249	4.94656
4186.851	4.947636
4221.453	4.949784
4256.055	4.955134
4290.657	4.951927
4325.26	4.955134
4359.862	4.9562
4394.464	4.9562
4429.066	4.960455
4463.668	4.960455
4498.27	4.963635
4532.872	4.965749
4567.474	4.967858
4602.076	4.969963
4636.678	4.975206
4671.28	4.976252
4705.882	4.979381
4740.484	4.982501
4775.087	4.983539
4809.689	4.986646
4844.291	4.988712
4878.893	4.989743
4913.495	4.991803
4948.097	4.993858
4982.699	4.994884
5017.301	4.995909
5051.903	4.994884
5086.505	4.995909
5121.107	4.995909
5155.709	4.995909
5190.311	5.001019
5224.913	5.004072
5259.516	5.006102
0	4.410316
34.602	4.410316
69.204	4.410316
103.806	4.398376
138.408	4.404364
173.01	4.398376
207.612	4.392352
242.215	4.386291
276.817	4.386291
311.419	4.386291
346.021	4.374058
380.623	4.374058
415.225	4.361674
449.827	4.355424
484.429	4.386291
519.031	4.361674
553.633	4.355424
588.235	4.355424
622.837	4.349135
657.439	4.355424
692.042	4.349135
726.644	4.342806
761.246	4.342806
795.848	4.342806
830.45	4.330026
865.052	4.330026
899.654	4.330026
934.256	4.342806
968.858	4.336436
1003.46	4.336436
1038.062	4.349135
1072.664	4.342806
1107.266	4.317081
1141.869	4.330026
1176.471	4.336436
1211.073	4.303966
1245.675	4.336436
1280.277	4.317081
1314.879	4.303966
1349.481	4.310545
1384.083	4.303966
1418.685	4.303966
1453.287	4.290677
1487.889	4.303966
1522.491	4.290677
1557.093	4.283965
1591.696	4.283965
1626.298	4.283965
1660.9	4.277209
1695.502	4.290677
1730.104	4.270406
1764.706	4.270406
1799.308	4.270406
1833.91	4.283965
1868.512	4.263557
1903.114	4.25666
1937.716	4.283965
1972.318	4.277209
2006.92	4.283965
2041.522	4.249715
2076.125	4.249715
2110.727	4.25666
2145.329	4.242722
2179.931	4.263557
2214.533	4.283965
2249.135	4.249715
2283.737	4.242722
2318.339	4.242722
2352.941	4.242722
2387.543	4.249715
2422.145	4.242722
2456.747	4.228588
2491.349	4.23568
2525.952	4.228588
2560.554	4.221445
2595.156	4.228588
2629.758	4.228588
2664.36	4.228588
2698.962	4.199705
2733.564	4.207004
2768.166	4.192352
2802.768	4.184945
2837.37	4.192352
2871.972	4.199705
2906.574	4.192352
2941.176	4.184945
2975.779	4.177482
3010.381	4.184945
3044.983	4.184945
3079.585	4.199705
3114.187	4.177482
3148.789	4.184945
3183.391	4.192352
3217.993	4.177482
3252.595	4.199705
3287.197	4.184945
3321.799	4.184945
3356.401	4.184945
3391.003	4.169963
3425.606	4.147061
3460.208	4.177482
3494.81	4.154754
3529.412	4.154754
3564.014	4.169963
3598.616	4.162387
3633.218	4.154754
3667.82	4.162387
3702.422	4.147061
3737.024	4.147061
3771.626	4.184945
3806.228	4.169963
3840.83	4.139309
3875.433	4.139309
3910.035	4.147061
3944.637	4.123623
3979.239	4.147061
4013.841	4.147061
4048.443	4.147061
4083.045	4.169963
4117.647	4.169963
4152.249	4.147061
4186.851	4.123623
4221.453	4.154754
4256.055	4.131497
4290.657	4.123623
4325.26	4.131497
4359.862	4.139309
4394.464	4.107686
4429.066	4.115686
4463.668	4.107686
4498.27	4.115686
4532.872	4.115686
4567.474	4.099622
4602.076	4.107686
4636.678	4.115686
4671.28	4.115686
4705.882	4.107686
4740.484	4.099622
4775.087	4.083295
4809.689	4.107686
4844.291	4.07503
4878.893	4.107686
4913.495	4.07503
4948.097	4.115686
4982.699	4.091491
5017.301	4.107686
5051.903	4.083295
5086.505	4.107686
5121.107	4.091491
5155.709	4.107686
5190.311	4.066697
5224.913	4.07503
5259.516	4.058293
0	5.651023
34.602	5.648835
69.204	5.649382
103.806	5.650476
138.408	5.651569
173.01	5.649929
207.612	5.651569
242.215	5.649929
276.817	5.649382
311.419	5.650476
346.021	5.650476
380.623	5.651023
415.225	5.650476
449.827	5.649929
484.429	5.649382
519.031	5.651569
553.633	5.651569
588.235	5.650476
622.837	5.651569
657.439	5.651023
692.042	5.651569
726.644	5.651569
761.246	5.652116
795.848	5.651569
830.45	5.652116
865.052	5.652661
899.654	5.653207
934.256	5.654297
968.858	5.651569
1003.46	5.653752
1038.062	5.654842
1072.664	5.653207
1107.266	5.653207
1141.869	5.653752
1176.471	5.654297
1211.073	5.652661
1245.675	5.654842
1280.277	5.653752
1314.879	5.653207
1349.481	5.654842
1384.083	5.652661
1418.685	5.653752
1453.287	5.654297
1487.889	5.654297
1522.491	5.653752
1557.093	5.652116
1591.696	5.654297
1626.298	5.653752
1660.9	5.653752
1695.502	5.654297
1730.104	5.654297
1764.706	5.653207
1799.308	5.654297
1833.91	5.653752
1868.512	5.653207
1903.114	5.654297
1937.716	5.654842
1972.318	5.65593
2006.92	5.654842
2041.522	5.654297
2076.125	5.65593
2110.727	5.65593
2145.329	5.654842
2179.931	5.654297
2214.533	5.65593
2249.135	5.65593
2283.737	5.657017
2318.339	5.657017
2352.941	5.656474
2387.543	5.65756
2422.145	5.656474
2456.747	5.653752
2491.349	5.656474
2525.952	5.65593
2560.554	5.654842
2595.156	5.65593
2629.758	5.654842
2664.36	5.65593
2698.962	5.65593
2733.564	5.654842
2768.166	5.653752
2802.768	5.654297
2837.37	5.653752
2871.972	5.653207
2906.574	5.653207
2941.176	5.654297
2975.779	5.654297
3010.381	5.65593
3044.983	5.654842
3079.585	5.65593
3114.187	5.65593
3148.789	5.65593
3183.391	5.655386
3217.993	5.656474
3252.595	5.655386
3287.197	5.65593
3321.799	5.65593
3356.401	5.65593
3391.003	5.657017
3425.606	5.655386
3460.208	5.65593
3494.81	5.657017
3529.412	5.656474
3564.014	5.65756
3598.616	5.65756
3633.218	5.65756
3667.82	5.65756
3702.422	5.656474
3737.024	5.656474
3771.626	5.657017
3806.228	5.657017
3840.83	5.655386
3875.433	5.65593
3910.035	5.658103
3944.637	5.656474
3979.239	5.657017
4013.841	5.656474
4048.443	5.657017
4083.045	5.657017
4117.647	5.659188
4152.249	5.660271
4186.851	5.658103
4221.453	5.659188
4256.055	5.660271
4290.657	5.658103
4325.26	5.660271
4359.862	5.660271
4394.464	5.65593
4429.066	5.658103
4463.668	5.659188
4498.27	5.659188
4532.872	5.660271
4567.474	5.660271
4602.076	5.65756
4636.678	5.657017
4671.28	5.658646
4705.882	5.657017
4740.484	5.656474
4775.087	5.65756
4809.689	5.657017
4844.291	5.657017
4878.893	5.65756
4913.495	5.656474
4948.097	5.657017
4982.699	5.65756
5017.301	5.65756
5051.903	5.658103
5086.505	5.65973
5121.107	5.659188
5155.709	5.660813
5190.311	5.658103
5224.913	5.657017
5259.516	5.657017
"EOF"
