12.2		1.38	0.02
14.4		1.62	0.02
10.5		1.18	0.02
7.36		0.828	0.02
4.4		0.496	0.02
1.96		0.217	0.005

14.9		1.22	0.02
12.5		1.03	0.02
10		0.824	0.02
7.62		0.618	0.02
4.9		0.396	0.01
2.62		0.205	0.005
1.06		0.085	0.005

15.3		0.832	0.02
12.4		0.68	0.02
10.5		0.576	0.02
7.58		0.412	0.02
4.72		0.262	0.01
2.48		0.135	0.005
1.26		0.072	0.005

15.2		1.54	0.02
12.6		1.26	0.02
9.28		0.94	0.02
7.32		0.74	0.02
5.12		508	0.01
2.61		0.256	0.005
1.03		0.099	0.005

13.3		1.52	0.02
10.5		1.19	0.02
7.3		0.826	0.02
4.95		0.565	0.01
2.67		0.302	0.005
1.13		0.127	0.005



1.1304e-01 
1.0128e-01 
8.2307e-02 
5.4428e-02
1.1409e-01 
